point group
4
4

ZMxZN
true

lattice label
Z4xZ4_2

begin twist
 0/1 0/1 1/4 -1/4
 0/1 1/4 0/1 -1/4
end twist

begin twist space group generators
1 0 0 0 0 0 0 0
0 1 0 0 0 0 0 0
end twist space group generators

begin shift space group generators
0 0 1 0 0 0 0 0
0 0 0 1 0 0 0 0
0 0 0 0 1 0 0 0
0 0 0 0 0 1 0 0
0 0 0 0 0 0 1 0
0 0 0 0 0 0 0 1
end shift space group generators

begin discrete symmetries
new non-R symmetry
4
0
1 0 0 0 0 0 0 0
1 0 0 0 0 0 0 0
new non-R symmetry
4
0
0 1 0 0 0 0 0 0
0 1 0 0 0 0 0 0
new non-R symmetry
2
0
0 0 1 1 1 1 0 0
0 0 0 0 0 1 0 0
new non-R symmetry
2
0
0 0 0 0 0 0 1 1
0 0 0 0 0 0 0 1
end discrete symmetries

begin lattice
next lattice vector
0.70710678119
0.70710678119
0
0
0.7071067812
0.70710678119
next lattice vector
0.70710678119
0.70710678119
0
0
0.7071067812
-0.7071067812
next lattice vector
0.70710678119
0.70710678119
0
0
-0.70710678119
-0.7071067812
next lattice vector
-0.70710678119
0.70710678119
0
0
0.70710678119
-0.70710678119
next lattice vector
0
0
1.4142135624
0
0
0
next lattice vector
0
0
0
1.4142135624
0
0
end lattice

allowed order of Wilson lines
2
2
2
2
2
2

begin identical WLs
 1 2 3 4
 5 6
end identical WLs

begin constructing elements
new sector
0 0 0 0 0 0 0 0 
new sector
0 1 0 0 0 0 0 0 
0 1 0 1 0 -1 0 0 
0 1 0 0 0 1 0 0 
new sector
0 2 0 0 0 0 0 0 
0 2 1 0 0 0 0 0 
0 2 1 1 0 0 0 0 
0 2 1 0 1 0 0 0 
0 2 1 0 0 1 0 0 
0 2 0 1 0 1 0 0 
new sector
0 3 0 0 0 0 0 0 
0 3 0 -1 0 -1 0 0 
0 3 0 0 0 1 0 0 
new sector
1 0 0 0 0 0 0 0 
1 0 0 0 0 0 0 1 
new sector
1 1 0 0 0 0 0 0 
1 1 0 0 -1 -3 0 0 
1 1 0 0 0 0 0 1 
1 1 0 0 -1 -3 0 1 
1 1 0 0 0 -1 0 0 
1 1 0 0 0 -1 0 1 
1 1 0 0 0 -2 0 0 
1 1 0 0 0 -2 0 1 
new sector
1 2 0 0 0 0 0 0 
1 2 0 0 1 1 0 0 
1 2 0 0 0 0 0 1 
1 2 0 0 1 1 0 1 
1 2 0 0 1 0 0 0 
1 2 0 0 1 0 0 1 
1 2 0 0 2 0 0 0 
1 2 0 0 2 0 0 1 
new sector
1 3 0 0 0 0 0 0 
1 3 0 0 0 0 0 1 
new sector
2 0 0 0 0 0 0 0 
2 0 0 1 -1 0 0 0 
2 0 0 0 0 0 1 0 
2 0 0 1 -1 0 1 0 
2 0 0 0 0 0 1 1 
2 0 0 1 -1 0 1 1 
new sector
2 1 0 0 0 0 0 0 
2 1 0 1 0 -1 0 0 
2 1 0 0 0 1 0 0 
2 1 0 0 0 0 1 0 
2 1 0 1 0 -1 1 0 
2 1 0 0 0 1 1 0 
2 1 0 1 0 0 1 0 
2 1 0 0 0 0 1 1 
2 1 0 1 0 -1 1 1 
2 1 0 0 0 1 1 1 
new sector
2 2 0 0 0 0 0 0 
2 2 0 -1 0 1 0 0 
2 2 0 0 0 0 1 0 
2 2 0 -1 0 1 1 0 
2 2 0 0 0 0 1 1 
2 2 0 -1 0 1 1 1 
new sector
2 3 0 0 0 0 0 0 
2 3 0 1 0 1 0 0 
2 3 0 0 0 1 0 0 
2 3 0 0 0 0 1 0 
2 3 0 1 0 1 1 0 
2 3 0 0 0 1 1 0 
2 3 0 1 0 2 1 0 
2 3 0 0 0 0 1 1 
2 3 0 1 0 1 1 1 
2 3 0 0 0 1 1 1 
new sector
3 0 0 0 0 0 0 0 
3 0 0 0 0 0 0 1 
new sector
3 1 0 0 0 0 0 0 
3 1 0 0 0 0 0 1 
new sector
3 2 0 0 0 0 0 0 
3 2 0 0 1 1 0 0 
3 2 0 0 0 0 0 1 
3 2 0 0 1 1 0 1 
3 2 0 0 1 0 0 0 
3 2 0 0 1 0 0 1 
3 2 0 0 2 0 0 0 
3 2 0 0 2 0 0 1 
new sector
3 3 0 0 0 0 0 0 
3 3 0 0 -1 1 0 0 
3 3 0 0 0 0 0 1 
3 3 0 0 -1 1 0 1 
3 3 0 0 1 0 0 0 
3 3 0 0 1 0 0 1 
3 3 0 0 2 0 0 0 
3 3 0 0 2 0 0 1 
end constructing elements

begin centralizer elements
// Const elem: 0 0 0 0 0 0 0 0 
begin data
0 0 1 0 0 0 0 0 
0 0 0 1 0 0 0 0 
0 0 0 0 1 0 0 0 
0 0 0 0 0 1 0 0 
0 0 0 0 0 0 1 0 
0 0 0 0 0 0 0 1 
1 0 0 0 0 0 0 0 
0 1 0 0 0 0 0 0 
end data

// Const elem: 0 1 0 0 0 0 0 0 
begin data
0 0 0 0 0 0 1 0 
0 0 0 0 0 0 0 1 
0 1 0 0 0 0 0 0 
0 2 0 0 0 0 0 0 
0 3 0 0 0 0 0 0 
1 0 0 0 0 0 0 0 
1 1 0 0 0 0 0 0 
1 2 0 0 0 0 0 0 
1 3 0 0 0 0 0 0 
2 0 0 0 0 0 0 0 
2 1 0 0 0 0 0 0 
2 2 0 0 0 0 0 0 
2 3 0 0 0 0 0 0 
3 0 0 0 0 0 0 0 
3 1 0 0 0 0 0 0 
3 2 0 0 0 0 0 0 
3 3 0 0 0 0 0 0 
end data

// Const elem: 0 1 0 1 0 -1 0 0 
begin data
0 0 0 0 0 0 1 0 
0 0 0 0 0 0 0 1 
0 1 0 1 0 -1 0 0 
0 2 1 0 1 0 0 0 
0 3 1 -1 1 1 0 0 
1 0 0 0 0 0 0 0 
1 1 0 1 0 -1 0 0 
1 2 1 0 1 0 0 0 
1 3 1 -1 1 1 0 0 
2 0 0 0 0 0 0 0 
2 1 0 1 0 -1 0 0 
2 2 1 0 1 0 0 0 
2 3 1 -1 1 1 0 0 
3 0 0 0 0 0 0 0 
3 1 0 1 0 -1 0 0 
3 2 1 0 1 0 0 0 
3 3 1 -1 1 1 0 0 
end data

// Const elem: 0 1 0 0 0 1 0 0 
begin data
0 0 0 0 0 0 1 0 
0 0 0 0 0 0 0 1 
0 1 0 0 0 1 0 0 
0 2 -1 0 0 1 0 0 
0 3 -1 0 0 0 0 0 
2 0 -1 1 0 0 0 0 
2 1 0 -1 1 1 0 0 
2 2 0 -1 0 1 0 0 
2 3 -1 1 -1 0 0 0 
end data

// Const elem: 0 2 0 0 0 0 0 0 
begin data
0 0 0 0 0 0 1 0 
0 0 0 0 0 0 0 1 
0 1 0 0 0 0 0 0 
0 2 0 0 0 0 0 0 
0 3 0 0 0 0 0 0 
1 0 0 0 0 0 0 0 
1 1 0 0 0 0 0 0 
1 2 0 0 0 0 0 0 
1 3 0 0 0 0 0 0 
2 0 0 0 0 0 0 0 
2 1 0 0 0 0 0 0 
2 2 0 0 0 0 0 0 
2 3 0 0 0 0 0 0 
3 0 0 0 0 0 0 0 
3 1 0 0 0 0 0 0 
3 2 0 0 0 0 0 0 
3 3 0 0 0 0 0 0 
end data

// Const elem: 0 2 1 0 0 0 0 0 
begin data
0 0 0 0 0 0 1 0 
0 0 0 0 0 0 0 1 
0 2 1 0 0 0 0 0 
end data

// Const elem: 0 2 1 1 0 0 0 0 
begin data
0 0 0 0 0 0 1 0 
0 0 0 0 0 0 0 1 
0 2 1 1 0 0 0 0 
1 1 0 2 -1 -1 0 0 
1 3 1 -1 1 1 0 0 
2 0 0 1 -1 0 0 0 
2 2 1 0 1 0 0 0 
3 1 0 1 0 -1 0 0 
3 3 1 0 0 1 0 0 
end data

// Const elem: 0 2 1 0 1 0 0 0 
begin data
0 0 0 0 0 0 1 0 
0 0 0 0 0 0 0 1 
0 1 0 1 0 -1 0 0 
0 2 1 0 1 0 0 0 
0 3 1 -1 1 1 0 0 
1 0 0 0 0 0 0 0 
1 1 0 1 0 -1 0 0 
1 2 1 0 1 0 0 0 
1 3 1 -1 1 1 0 0 
2 0 0 0 0 0 0 0 
2 1 0 1 0 -1 0 0 
2 2 1 0 1 0 0 0 
2 3 1 -1 1 1 0 0 
3 0 0 0 0 0 0 0 
3 1 0 1 0 -1 0 0 
3 2 1 0 1 0 0 0 
3 3 1 -1 1 1 0 0 
end data

// Const elem: 0 2 1 0 0 1 0 0 
begin data
0 0 0 0 0 0 1 0 
0 0 0 0 0 0 0 1 
0 1 1 0 0 0 0 0 
0 2 1 0 0 1 0 0 
0 3 0 0 0 1 0 0 
2 0 0 1 -1 0 0 0 
2 1 0 1 0 0 0 0 
2 2 1 -1 1 1 0 0 
2 3 1 -1 0 1 0 0 
end data

// Const elem: 0 2 0 1 0 1 0 0 
begin data
0 0 0 0 0 0 1 0 
0 0 0 0 0 0 0 1 
0 2 0 1 0 1 0 0 
1 0 0 1 -1 0 0 0 
1 2 0 0 1 1 0 0 
2 0 -1 2 -1 0 0 0 
2 2 1 -1 1 1 0 0 
3 0 -1 1 0 0 0 0 
3 2 1 0 0 1 0 0 
end data

// Const elem: 0 3 0 0 0 0 0 0 
begin data
0 0 0 0 0 0 1 0 
0 0 0 0 0 0 0 1 
0 1 0 0 0 0 0 0 
0 2 0 0 0 0 0 0 
0 3 0 0 0 0 0 0 
1 0 0 0 0 0 0 0 
1 1 0 0 0 0 0 0 
1 2 0 0 0 0 0 0 
1 3 0 0 0 0 0 0 
2 0 0 0 0 0 0 0 
2 1 0 0 0 0 0 0 
2 2 0 0 0 0 0 0 
2 3 0 0 0 0 0 0 
3 0 0 0 0 0 0 0 
3 1 0 0 0 0 0 0 
3 2 0 0 0 0 0 0 
3 3 0 0 0 0 0 0 
end data

// Const elem: 0 3 0 -1 0 -1 0 0 
begin data
0 0 0 0 0 0 1 0 
0 0 0 0 0 0 0 1 
0 1 -1 -1 1 1 0 0 
0 2 -1 -2 1 0 0 0 
0 3 0 -1 0 -1 0 0 
1 0 -1 0 1 0 0 0 
1 1 0 -3 2 1 0 0 
1 2 0 -2 0 0 0 0 
1 3 -1 1 -1 -1 0 0 
2 0 0 -2 2 0 0 0 
2 1 1 -3 1 1 0 0 
2 2 -1 0 -1 0 0 0 
2 3 -2 1 0 -1 0 0 
3 0 1 -2 1 0 0 0 
3 1 0 -1 0 1 0 0 
3 2 -2 0 0 0 0 0 
3 3 -1 -1 1 -1 0 0 
end data

// Const elem: 0 3 0 0 0 1 0 0 
begin data
0 0 0 0 0 0 1 0 
0 0 0 0 0 0 0 1 
0 1 1 0 0 0 0 0 
0 2 1 0 0 1 0 0 
0 3 0 0 0 1 0 0 
2 0 0 1 -1 0 0 0 
2 1 0 1 0 0 0 0 
2 2 1 -1 1 1 0 0 
2 3 1 -1 0 1 0 0 
end data

// Const elem: 1 0 0 0 0 0 0 0 
begin data
0 0 1 0 1 0 0 0 
0 0 0 -1 0 1 0 0 
0 1 0 0 0 0 0 0 
0 2 0 0 0 0 0 0 
0 3 0 0 0 0 0 0 
1 0 0 0 0 0 0 0 
1 1 0 0 0 0 0 0 
1 2 0 0 0 0 0 0 
1 3 0 0 0 0 0 0 
2 0 0 0 0 0 0 0 
2 1 0 0 0 0 0 0 
2 2 0 0 0 0 0 0 
2 3 0 0 0 0 0 0 
3 0 0 0 0 0 0 0 
3 1 0 0 0 0 0 0 
3 2 0 0 0 0 0 0 
3 3 0 0 0 0 0 0 
end data

// Const elem: 1 0 0 0 0 0 0 1 
begin data
0 0 1 0 1 0 0 0 
0 0 0 -1 0 1 0 0 
0 1 0 0 0 0 0 0 
0 2 0 0 0 0 0 0 
0 3 0 0 0 0 0 0 
1 0 0 0 0 0 0 1 
1 1 0 0 0 0 0 1 
1 2 0 0 0 0 0 1 
1 3 0 0 0 0 0 1 
2 0 0 0 0 0 -1 1 
2 1 0 0 0 0 -1 1 
2 2 0 0 0 0 -1 1 
2 3 0 0 0 0 -1 1 
3 0 0 0 0 0 -1 0 
3 1 0 0 0 0 -1 0 
3 2 0 0 0 0 -1 0 
3 3 0 0 0 0 -1 0 
end data

// Const elem: 1 1 0 0 0 0 0 0 
begin data
0 1 0 0 0 0 0 0 
0 2 0 0 0 0 0 0 
0 3 0 0 0 0 0 0 
1 0 0 0 0 0 0 0 
1 1 0 0 0 0 0 0 
1 2 0 0 0 0 0 0 
1 3 0 0 0 0 0 0 
2 0 0 0 0 0 0 0 
2 1 0 0 0 0 0 0 
2 2 0 0 0 0 0 0 
2 3 0 0 0 0 0 0 
3 0 0 0 0 0 0 0 
3 1 0 0 0 0 0 0 
3 2 0 0 0 0 0 0 
3 3 0 0 0 0 0 0 
end data

// Const elem: 1 1 0 0 -1 -3 0 0 
begin data
0 2 1 1 0 -4 0 0 
1 1 0 0 -1 -3 0 0 
1 3 1 1 1 -1 0 0 
2 0 2 -3 1 0 0 0 
2 2 -1 4 -1 -4 0 0 
3 1 -2 3 -2 -3 0 0 
3 3 3 -2 2 -1 0 0 
end data

// Const elem: 1 1 0 0 0 0 0 1 
begin data
0 1 0 0 0 0 0 0 
0 2 0 0 0 0 0 0 
0 3 0 0 0 0 0 0 
1 0 0 0 0 0 0 1 
1 1 0 0 0 0 0 1 
1 2 0 0 0 0 0 1 
1 3 0 0 0 0 0 1 
2 0 0 0 0 0 -1 1 
2 1 0 0 0 0 -1 1 
2 2 0 0 0 0 -1 1 
2 3 0 0 0 0 -1 1 
3 0 0 0 0 0 -1 0 
3 1 0 0 0 0 -1 0 
3 2 0 0 0 0 -1 0 
3 3 0 0 0 0 -1 0 
end data

// Const elem: 1 1 0 0 -1 -3 0 1 
begin data
0 2 1 1 0 -4 0 0 
1 1 0 0 -1 -3 0 1 
1 3 1 1 1 -1 0 1 
2 0 2 -3 1 0 -1 1 
2 2 -1 4 -1 -4 -1 1 
3 1 -2 3 -2 -3 -1 0 
3 3 3 -2 2 -1 -1 0 
end data

// Const elem: 1 1 0 0 0 -1 0 0 
begin data
1 1 0 0 0 -1 0 0 
2 2 0 1 0 -1 0 0 
3 3 1 -1 1 0 0 0 
end data

// Const elem: 1 1 0 0 0 -1 0 1 
begin data
1 1 0 0 0 -1 0 1 
2 2 0 1 0 -1 -1 1 
3 3 1 -1 1 0 -1 0 
end data

// Const elem: 1 1 0 0 0 -2 0 0 
begin data
0 1 -1 1 0 -2 0 0 
0 2 1 0 1 -2 0 0 
0 3 2 -1 1 0 0 0 
1 0 0 -1 1 0 0 0 
1 1 0 0 0 -2 0 0 
1 2 1 1 0 -2 0 0 
1 3 1 0 1 0 0 0 
2 0 1 -2 1 0 0 0 
2 1 0 1 -1 -2 0 0 
2 2 0 2 0 -2 0 0 
2 3 1 -1 2 0 0 0 
3 0 1 -1 0 0 0 0 
3 1 -1 2 -1 -2 0 0 
3 2 0 1 1 -2 0 0 
3 3 2 -2 2 0 0 0 
end data

// Const elem: 1 1 0 0 0 -2 0 1 
begin data
0 1 -1 1 0 -2 0 0 
0 2 1 0 1 -2 0 0 
0 3 2 -1 1 0 0 0 
1 0 0 -1 1 0 0 1 
1 1 0 0 0 -2 0 1 
1 2 1 1 0 -2 0 1 
1 3 1 0 1 0 0 1 
2 0 1 -2 1 0 -1 1 
2 1 0 1 -1 -2 -1 1 
2 2 0 2 0 -2 -1 1 
2 3 1 -1 2 0 -1 1 
3 0 1 -1 0 0 -1 0 
3 1 -1 2 -1 -2 -1 0 
3 2 0 1 1 -2 -1 0 
3 3 2 -2 2 0 -1 0 
end data

// Const elem: 1 2 0 0 0 0 0 0 
begin data
0 1 0 0 0 0 0 0 
0 2 0 0 0 0 0 0 
0 3 0 0 0 0 0 0 
1 0 0 0 0 0 0 0 
1 1 0 0 0 0 0 0 
1 2 0 0 0 0 0 0 
1 3 0 0 0 0 0 0 
2 0 0 0 0 0 0 0 
2 1 0 0 0 0 0 0 
2 2 0 0 0 0 0 0 
2 3 0 0 0 0 0 0 
3 0 0 0 0 0 0 0 
3 1 0 0 0 0 0 0 
3 2 0 0 0 0 0 0 
3 3 0 0 0 0 0 0 
end data

// Const elem: 1 2 0 0 1 1 0 0 
begin data
0 2 0 1 0 1 0 0 
1 0 0 1 -1 0 0 0 
1 2 0 0 1 1 0 0 
2 0 -1 2 -1 0 0 0 
2 2 1 -1 1 1 0 0 
3 0 -1 1 0 0 0 0 
3 2 1 0 0 1 0 0 
end data

// Const elem: 1 2 0 0 0 0 0 1 
begin data
0 1 0 0 0 0 0 0 
0 2 0 0 0 0 0 0 
0 3 0 0 0 0 0 0 
1 0 0 0 0 0 0 1 
1 1 0 0 0 0 0 1 
1 2 0 0 0 0 0 1 
1 3 0 0 0 0 0 1 
2 0 0 0 0 0 -1 1 
2 1 0 0 0 0 -1 1 
2 2 0 0 0 0 -1 1 
2 3 0 0 0 0 -1 1 
3 0 0 0 0 0 -1 0 
3 1 0 0 0 0 -1 0 
3 2 0 0 0 0 -1 0 
3 3 0 0 0 0 -1 0 
end data

// Const elem: 1 2 0 0 1 1 0 1 
begin data
0 2 0 1 0 1 0 0 
1 0 0 1 -1 0 0 1 
1 2 0 0 1 1 0 1 
2 0 -1 2 -1 0 -1 1 
2 2 1 -1 1 1 -1 1 
3 0 -1 1 0 0 -1 0 
3 2 1 0 0 1 -1 0 
end data

// Const elem: 1 2 0 0 1 0 0 0 
begin data
1 2 0 0 1 0 0 0 
2 0 -1 1 0 0 0 0 
3 2 0 1 0 0 0 0 
end data

// Const elem: 1 2 0 0 1 0 0 1 
begin data
1 2 0 0 1 0 0 1 
2 0 -1 1 0 0 -1 1 
3 2 0 1 0 0 -1 0 
end data

// Const elem: 1 2 0 0 2 0 0 0 
begin data
0 1 -1 3 -1 -1 0 0 
0 2 -1 2 1 0 0 0 
0 3 0 -1 2 1 0 0 
1 0 -1 2 -1 0 0 0 
1 1 -2 3 0 -1 0 0 
1 2 0 0 2 0 0 0 
1 3 1 -1 1 1 0 0 
2 0 -2 2 0 0 0 0 
2 1 -1 1 1 -1 0 0 
2 2 1 0 1 0 0 0 
2 3 0 1 0 1 0 0 
3 0 -1 0 1 0 0 0 
3 1 0 1 0 -1 0 0 
3 2 0 2 0 0 0 0 
3 3 -1 1 1 1 0 0 
end data

// Const elem: 1 2 0 0 2 0 0 1 
begin data
0 1 -1 3 -1 -1 0 0 
0 2 -1 2 1 0 0 0 
0 3 0 -1 2 1 0 0 
1 0 -1 2 -1 0 0 1 
1 1 -2 3 0 -1 0 1 
1 2 0 0 2 0 0 1 
1 3 1 -1 1 1 0 1 
2 0 -2 2 0 0 -1 1 
2 1 -1 1 1 -1 -1 1 
2 2 1 0 1 0 -1 1 
2 3 0 1 0 1 -1 1 
3 0 -1 0 1 0 -1 0 
3 1 0 1 0 -1 -1 0 
3 2 0 2 0 0 -1 0 
3 3 -1 1 1 1 -1 0 
end data

// Const elem: 1 3 0 0 0 0 0 0 
begin data
0 0 -1 0 1 0 0 0 
0 0 -1 1 0 0 0 0 
0 1 0 0 0 0 0 0 
0 2 0 0 0 0 0 0 
0 3 0 0 0 0 0 0 
1 0 0 0 0 0 0 0 
1 1 0 0 0 0 0 0 
1 2 0 0 0 0 0 0 
1 3 0 0 0 0 0 0 
2 0 0 0 0 0 0 0 
2 1 0 0 0 0 0 0 
2 2 0 0 0 0 0 0 
2 3 0 0 0 0 0 0 
3 0 0 0 0 0 0 0 
3 1 0 0 0 0 0 0 
3 2 0 0 0 0 0 0 
3 3 0 0 0 0 0 0 
end data

// Const elem: 1 3 0 0 0 0 0 1 
begin data
0 0 -1 0 1 0 0 0 
0 0 -1 1 0 0 0 0 
0 1 0 0 0 0 0 0 
0 2 0 0 0 0 0 0 
0 3 0 0 0 0 0 0 
1 0 0 0 0 0 0 1 
1 1 0 0 0 0 0 1 
1 2 0 0 0 0 0 1 
1 3 0 0 0 0 0 1 
2 0 0 0 0 0 -1 1 
2 1 0 0 0 0 -1 1 
2 2 0 0 0 0 -1 1 
2 3 0 0 0 0 -1 1 
3 0 0 0 0 0 -1 0 
3 1 0 0 0 0 -1 0 
3 2 0 0 0 0 -1 0 
3 3 0 0 0 0 -1 0 
end data

// Const elem: 2 0 0 0 0 0 0 0 
begin data
0 0 1 0 1 0 0 0 
0 0 0 -1 0 1 0 0 
0 1 0 0 0 0 0 0 
0 2 0 0 0 0 0 0 
0 3 0 0 0 0 0 0 
1 0 0 0 0 0 0 0 
1 1 0 0 0 0 0 0 
1 2 0 0 0 0 0 0 
1 3 0 0 0 0 0 0 
2 0 0 0 0 0 0 0 
2 1 0 0 0 0 0 0 
2 2 0 0 0 0 0 0 
2 3 0 0 0 0 0 0 
3 0 0 0 0 0 0 0 
3 1 0 0 0 0 0 0 
3 2 0 0 0 0 0 0 
3 3 0 0 0 0 0 0 
end data

// Const elem: 2 0 0 1 -1 0 0 0 
begin data
0 0 1 0 1 0 0 0 
0 0 0 -1 0 1 0 0 
0 1 1 0 0 0 0 0 
0 2 1 1 0 0 0 0 
0 3 0 1 0 0 0 0 
1 0 1 0 0 0 0 0 
1 1 1 1 0 0 0 0 
1 2 0 1 0 0 0 0 
1 3 0 0 0 0 0 0 
2 0 1 1 0 0 0 0 
2 1 0 1 0 0 0 0 
2 2 0 0 0 0 0 0 
2 3 1 0 0 0 0 0 
3 0 0 1 0 0 0 0 
3 1 0 0 0 0 0 0 
3 2 1 0 0 0 0 0 
3 3 1 1 0 0 0 0 
end data

// Const elem: 2 0 0 0 0 0 1 0 
begin data
0 0 1 0 1 0 0 0 
0 0 0 -1 0 1 0 0 
0 1 0 0 0 0 0 0 
0 2 0 0 0 0 0 0 
0 3 0 0 0 0 0 0 
2 0 0 0 0 0 1 0 
2 1 0 0 0 0 1 0 
2 2 0 0 0 0 1 0 
2 3 0 0 0 0 1 0 
end data

// Const elem: 2 0 0 1 -1 0 1 0 
begin data
0 0 1 0 1 0 0 0 
0 0 0 -1 0 1 0 0 
0 1 1 0 0 0 0 0 
0 2 1 1 0 0 0 0 
0 3 0 1 0 0 0 0 
2 0 1 1 0 0 1 0 
2 1 0 1 0 0 1 0 
2 2 0 0 0 0 1 0 
2 3 1 0 0 0 1 0 
end data

// Const elem: 2 0 0 0 0 0 1 1 
begin data
0 0 1 0 1 0 0 0 
0 0 0 -1 0 1 0 0 
0 1 0 0 0 0 0 0 
0 2 0 0 0 0 0 0 
0 3 0 0 0 0 0 0 
1 0 0 0 0 0 1 0 
1 1 0 0 0 0 1 0 
1 2 0 0 0 0 1 0 
1 3 0 0 0 0 1 0 
2 0 0 0 0 0 1 1 
2 1 0 0 0 0 1 1 
2 2 0 0 0 0 1 1 
2 3 0 0 0 0 1 1 
3 0 0 0 0 0 0 1 
3 1 0 0 0 0 0 1 
3 2 0 0 0 0 0 1 
3 3 0 0 0 0 0 1 
end data

// Const elem: 2 0 0 1 -1 0 1 1 
begin data
0 0 1 0 1 0 0 0 
0 0 0 -1 0 1 0 0 
0 1 1 0 0 0 0 0 
0 2 1 1 0 0 0 0 
0 3 0 1 0 0 0 0 
1 0 1 0 0 0 1 0 
1 1 1 1 0 0 1 0 
1 2 0 1 0 0 1 0 
1 3 0 0 0 0 1 0 
2 0 1 1 0 0 1 1 
2 1 0 1 0 0 1 1 
2 2 0 0 0 0 1 1 
2 3 1 0 0 0 1 1 
3 0 0 1 0 0 0 1 
3 1 0 0 0 0 0 1 
3 2 1 0 0 0 0 1 
3 3 1 1 0 0 0 1 
end data

// Const elem: 2 1 0 0 0 0 0 0 
begin data
0 1 0 0 0 0 0 0 
0 2 0 0 0 0 0 0 
0 3 0 0 0 0 0 0 
1 0 0 0 0 0 0 0 
1 1 0 0 0 0 0 0 
1 2 0 0 0 0 0 0 
1 3 0 0 0 0 0 0 
2 0 0 0 0 0 0 0 
2 1 0 0 0 0 0 0 
2 2 0 0 0 0 0 0 
2 3 0 0 0 0 0 0 
3 0 0 0 0 0 0 0 
3 1 0 0 0 0 0 0 
3 2 0 0 0 0 0 0 
3 3 0 0 0 0 0 0 
end data

// Const elem: 2 1 0 1 0 -1 0 0 
begin data
0 1 0 1 0 -1 0 0 
0 2 1 0 1 0 0 0 
0 3 1 -1 1 1 0 0 
1 0 0 0 0 0 0 0 
1 1 0 1 0 -1 0 0 
1 2 1 0 1 0 0 0 
1 3 1 -1 1 1 0 0 
2 0 0 0 0 0 0 0 
2 1 0 1 0 -1 0 0 
2 2 1 0 1 0 0 0 
2 3 1 -1 1 1 0 0 
3 0 0 0 0 0 0 0 
3 1 0 1 0 -1 0 0 
3 2 1 0 1 0 0 0 
3 3 1 -1 1 1 0 0 
end data

// Const elem: 2 1 0 0 0 1 0 0 
begin data
0 1 1 -1 0 1 0 0 
0 2 0 0 -1 1 0 0 
0 3 -1 1 -1 0 0 0 
2 0 0 1 -1 0 0 0 
2 1 0 0 0 1 0 0 
2 2 0 -1 0 1 0 0 
2 3 0 0 -1 0 0 0 
end data

// Const elem: 2 1 0 0 0 0 1 0 
begin data
0 1 0 0 0 0 0 0 
0 2 0 0 0 0 0 0 
0 3 0 0 0 0 0 0 
2 0 0 0 0 0 1 0 
2 1 0 0 0 0 1 0 
2 2 0 0 0 0 1 0 
2 3 0 0 0 0 1 0 
end data

// Const elem: 2 1 0 1 0 -1 1 0 
begin data
0 1 0 1 0 -1 0 0 
0 2 1 0 1 0 0 0 
0 3 1 -1 1 1 0 0 
2 0 0 0 0 0 1 0 
2 1 0 1 0 -1 1 0 
2 2 1 0 1 0 1 0 
2 3 1 -1 1 1 1 0 
end data

// Const elem: 2 1 0 0 0 1 1 0 
begin data
0 1 1 -1 0 1 0 0 
0 2 0 0 -1 1 0 0 
0 3 -1 1 -1 0 0 0 
2 0 0 1 -1 0 1 0 
2 1 0 0 0 1 1 0 
2 2 0 -1 0 1 1 0 
2 3 0 0 -1 0 1 0 
end data

// Const elem: 2 1 0 1 0 0 1 0 
begin data
0 1 1 0 0 0 0 0 
0 2 1 0 0 1 0 0 
0 3 0 0 0 1 0 0 
2 0 0 1 -1 0 1 0 
2 1 0 1 0 0 1 0 
2 2 1 -1 1 1 1 0 
2 3 1 -1 0 1 1 0 
end data

// Const elem: 2 1 0 0 0 0 1 1 
begin data
0 1 0 0 0 0 0 0 
0 2 0 0 0 0 0 0 
0 3 0 0 0 0 0 0 
1 0 0 0 0 0 1 0 
1 1 0 0 0 0 1 0 
1 2 0 0 0 0 1 0 
1 3 0 0 0 0 1 0 
2 0 0 0 0 0 1 1 
2 1 0 0 0 0 1 1 
2 2 0 0 0 0 1 1 
2 3 0 0 0 0 1 1 
3 0 0 0 0 0 0 1 
3 1 0 0 0 0 0 1 
3 2 0 0 0 0 0 1 
3 3 0 0 0 0 0 1 
end data

// Const elem: 2 1 0 1 0 -1 1 1 
begin data
0 1 0 1 0 -1 0 0 
0 2 1 0 1 0 0 0 
0 3 1 -1 1 1 0 0 
1 0 0 0 0 0 1 0 
1 1 0 1 0 -1 1 0 
1 2 1 0 1 0 1 0 
1 3 1 -1 1 1 1 0 
2 0 0 0 0 0 1 1 
2 1 0 1 0 -1 1 1 
2 2 1 0 1 0 1 1 
2 3 1 -1 1 1 1 1 
3 0 0 0 0 0 0 1 
3 1 0 1 0 -1 0 1 
3 2 1 0 1 0 0 1 
3 3 1 -1 1 1 0 1 
end data

// Const elem: 2 1 0 0 0 1 1 1 
begin data
0 1 1 -1 0 1 0 0 
0 2 0 0 -1 1 0 0 
0 3 -1 1 -1 0 0 0 
2 0 0 1 -1 0 1 1 
2 1 0 0 0 1 1 1 
2 2 0 -1 0 1 1 1 
2 3 0 0 -1 0 1 1 
end data

// Const elem: 2 2 0 0 0 0 0 0 
begin data
0 0 -1 0 1 0 0 0 
0 0 -1 1 0 0 0 0 
0 1 0 0 0 0 0 0 
0 2 0 0 0 0 0 0 
0 3 0 0 0 0 0 0 
1 0 0 0 0 0 0 0 
1 1 0 0 0 0 0 0 
1 2 0 0 0 0 0 0 
1 3 0 0 0 0 0 0 
2 0 0 0 0 0 0 0 
2 1 0 0 0 0 0 0 
2 2 0 0 0 0 0 0 
2 3 0 0 0 0 0 0 
3 0 0 0 0 0 0 0 
3 1 0 0 0 0 0 0 
3 2 0 0 0 0 0 0 
3 3 0 0 0 0 0 0 
end data

// Const elem: 2 2 0 -1 0 1 0 0 
begin data
0 0 -1 0 1 0 0 0 
0 0 -1 1 0 0 0 0 
0 1 0 0 0 1 0 0 
0 2 -1 0 0 1 0 0 
0 3 -1 0 0 0 0 0 
1 0 0 0 0 0 0 0 
1 1 0 0 0 1 0 0 
1 2 -1 0 0 1 0 0 
1 3 -1 0 0 0 0 0 
2 0 0 0 0 0 0 0 
2 1 0 0 0 1 0 0 
2 2 -1 0 0 1 0 0 
2 3 -1 0 0 0 0 0 
3 0 0 0 0 0 0 0 
3 1 0 0 0 1 0 0 
3 2 -1 0 0 1 0 0 
3 3 -1 0 0 0 0 0 
end data

// Const elem: 2 2 0 0 0 0 1 0 
begin data
0 0 -1 0 1 0 0 0 
0 0 -1 1 0 0 0 0 
0 1 0 0 0 0 0 0 
0 2 0 0 0 0 0 0 
0 3 0 0 0 0 0 0 
2 0 0 0 0 0 1 0 
2 1 0 0 0 0 1 0 
2 2 0 0 0 0 1 0 
2 3 0 0 0 0 1 0 
end data

// Const elem: 2 2 0 -1 0 1 1 0 
begin data
0 0 -1 0 1 0 0 0 
0 0 -1 1 0 0 0 0 
0 1 0 0 0 1 0 0 
0 2 -1 0 0 1 0 0 
0 3 -1 0 0 0 0 0 
2 0 0 0 0 0 1 0 
2 1 0 0 0 1 1 0 
2 2 -1 0 0 1 1 0 
2 3 -1 0 0 0 1 0 
end data

// Const elem: 2 2 0 0 0 0 1 1 
begin data
0 0 -1 0 1 0 0 0 
0 0 -1 1 0 0 0 0 
0 1 0 0 0 0 0 0 
0 2 0 0 0 0 0 0 
0 3 0 0 0 0 0 0 
1 0 0 0 0 0 1 0 
1 1 0 0 0 0 1 0 
1 2 0 0 0 0 1 0 
1 3 0 0 0 0 1 0 
2 0 0 0 0 0 1 1 
2 1 0 0 0 0 1 1 
2 2 0 0 0 0 1 1 
2 3 0 0 0 0 1 1 
3 0 0 0 0 0 0 1 
3 1 0 0 0 0 0 1 
3 2 0 0 0 0 0 1 
3 3 0 0 0 0 0 1 
end data

// Const elem: 2 2 0 -1 0 1 1 1 
begin data
0 0 -1 0 1 0 0 0 
0 0 -1 1 0 0 0 0 
0 1 0 0 0 1 0 0 
0 2 -1 0 0 1 0 0 
0 3 -1 0 0 0 0 0 
1 0 0 0 0 0 1 0 
1 1 0 0 0 1 1 0 
1 2 -1 0 0 1 1 0 
1 3 -1 0 0 0 1 0 
2 0 0 0 0 0 1 1 
2 1 0 0 0 1 1 1 
2 2 -1 0 0 1 1 1 
2 3 -1 0 0 0 1 1 
3 0 0 0 0 0 0 1 
3 1 0 0 0 1 0 1 
3 2 -1 0 0 1 0 1 
3 3 -1 0 0 0 0 1 
end data

// Const elem: 2 3 0 0 0 0 0 0 
begin data
0 1 0 0 0 0 0 0 
0 2 0 0 0 0 0 0 
0 3 0 0 0 0 0 0 
1 0 0 0 0 0 0 0 
1 1 0 0 0 0 0 0 
1 2 0 0 0 0 0 0 
1 3 0 0 0 0 0 0 
2 0 0 0 0 0 0 0 
2 1 0 0 0 0 0 0 
2 2 0 0 0 0 0 0 
2 3 0 0 0 0 0 0 
3 0 0 0 0 0 0 0 
3 1 0 0 0 0 0 0 
3 2 0 0 0 0 0 0 
3 3 0 0 0 0 0 0 
end data

// Const elem: 2 3 0 1 0 1 0 0 
begin data
0 1 -1 3 -1 -1 0 0 
0 2 -1 2 1 0 0 0 
0 3 0 -1 2 1 0 0 
1 0 -1 2 -1 0 0 0 
1 1 -2 3 0 -1 0 0 
1 2 0 0 2 0 0 0 
1 3 1 -1 1 1 0 0 
2 0 -2 2 0 0 0 0 
2 1 -1 1 1 -1 0 0 
2 2 1 0 1 0 0 0 
2 3 0 1 0 1 0 0 
3 0 -1 0 1 0 0 0 
3 1 0 1 0 -1 0 0 
3 2 0 2 0 0 0 0 
3 3 -1 1 1 1 0 0 
end data

// Const elem: 2 3 0 0 0 1 0 0 
begin data
0 1 0 1 0 0 0 0 
0 2 0 0 1 1 0 0 
0 3 0 -1 1 1 0 0 
2 0 -1 1 0 0 0 0 
2 1 0 0 1 0 0 0 
2 2 1 -1 1 1 0 0 
2 3 0 0 0 1 0 0 
end data

// Const elem: 2 3 0 0 0 0 1 0 
begin data
0 1 0 0 0 0 0 0 
0 2 0 0 0 0 0 0 
0 3 0 0 0 0 0 0 
2 0 0 0 0 0 1 0 
2 1 0 0 0 0 1 0 
2 2 0 0 0 0 1 0 
2 3 0 0 0 0 1 0 
end data

// Const elem: 2 3 0 1 0 1 1 0 
begin data
0 1 -1 3 -1 -1 0 0 
0 2 -1 2 1 0 0 0 
0 3 0 -1 2 1 0 0 
2 0 -2 2 0 0 1 0 
2 1 -1 1 1 -1 1 0 
2 2 1 0 1 0 1 0 
2 3 0 1 0 1 1 0 
end data

// Const elem: 2 3 0 0 0 1 1 0 
begin data
0 1 0 1 0 0 0 0 
0 2 0 0 1 1 0 0 
0 3 0 -1 1 1 0 0 
2 0 -1 1 0 0 1 0 
2 1 0 0 1 0 1 0 
2 2 1 -1 1 1 1 0 
2 3 0 0 0 1 1 0 
end data

// Const elem: 2 3 0 1 0 2 1 0 
begin data
0 1 -1 4 -1 -1 0 0 
0 2 -1 2 2 1 0 0 
0 3 0 -2 3 2 0 0 
2 0 -3 3 0 0 1 0 
2 1 -1 1 2 -1 1 0 
2 2 2 -1 2 1 1 0 
2 3 0 1 0 2 1 0 
end data

// Const elem: 2 3 0 0 0 0 1 1 
begin data
0 1 0 0 0 0 0 0 
0 2 0 0 0 0 0 0 
0 3 0 0 0 0 0 0 
1 0 0 0 0 0 1 0 
1 1 0 0 0 0 1 0 
1 2 0 0 0 0 1 0 
1 3 0 0 0 0 1 0 
2 0 0 0 0 0 1 1 
2 1 0 0 0 0 1 1 
2 2 0 0 0 0 1 1 
2 3 0 0 0 0 1 1 
3 0 0 0 0 0 0 1 
3 1 0 0 0 0 0 1 
3 2 0 0 0 0 0 1 
3 3 0 0 0 0 0 1 
end data

// Const elem: 2 3 0 1 0 1 1 1 
begin data
0 1 -1 3 -1 -1 0 0 
0 2 -1 2 1 0 0 0 
0 3 0 -1 2 1 0 0 
1 0 -1 2 -1 0 1 0 
1 1 -2 3 0 -1 1 0 
1 2 0 0 2 0 1 0 
1 3 1 -1 1 1 1 0 
2 0 -2 2 0 0 1 1 
2 1 -1 1 1 -1 1 1 
2 2 1 0 1 0 1 1 
2 3 0 1 0 1 1 1 
3 0 -1 0 1 0 0 1 
3 1 0 1 0 -1 0 1 
3 2 0 2 0 0 0 1 
3 3 -1 1 1 1 0 1 
end data

// Const elem: 2 3 0 0 0 1 1 1 
begin data
0 1 0 1 0 0 0 0 
0 2 0 0 1 1 0 0 
0 3 0 -1 1 1 0 0 
2 0 -1 1 0 0 1 1 
2 1 0 0 1 0 1 1 
2 2 1 -1 1 1 1 1 
2 3 0 0 0 1 1 1 
end data

// Const elem: 3 0 0 0 0 0 0 0 
begin data
0 0 1 0 1 0 0 0 
0 0 0 -1 0 1 0 0 
0 1 0 0 0 0 0 0 
0 2 0 0 0 0 0 0 
0 3 0 0 0 0 0 0 
1 0 0 0 0 0 0 0 
1 1 0 0 0 0 0 0 
1 2 0 0 0 0 0 0 
1 3 0 0 0 0 0 0 
2 0 0 0 0 0 0 0 
2 1 0 0 0 0 0 0 
2 2 0 0 0 0 0 0 
2 3 0 0 0 0 0 0 
3 0 0 0 0 0 0 0 
3 1 0 0 0 0 0 0 
3 2 0 0 0 0 0 0 
3 3 0 0 0 0 0 0 
end data

// Const elem: 3 0 0 0 0 0 0 1 
begin data
0 0 1 0 1 0 0 0 
0 0 0 -1 0 1 0 0 
0 1 0 0 0 0 0 0 
0 2 0 0 0 0 0 0 
0 3 0 0 0 0 0 0 
1 0 0 0 0 0 1 0 
1 1 0 0 0 0 1 0 
1 2 0 0 0 0 1 0 
1 3 0 0 0 0 1 0 
2 0 0 0 0 0 1 1 
2 1 0 0 0 0 1 1 
2 2 0 0 0 0 1 1 
2 3 0 0 0 0 1 1 
3 0 0 0 0 0 0 1 
3 1 0 0 0 0 0 1 
3 2 0 0 0 0 0 1 
3 3 0 0 0 0 0 1 
end data

// Const elem: 3 1 0 0 0 0 0 0 
begin data
0 0 0 -1 1 0 0 0 
0 0 1 -1 0 0 0 0 
0 1 0 0 0 0 0 0 
0 2 0 0 0 0 0 0 
0 3 0 0 0 0 0 0 
1 0 0 0 0 0 0 0 
1 1 0 0 0 0 0 0 
1 2 0 0 0 0 0 0 
1 3 0 0 0 0 0 0 
2 0 0 0 0 0 0 0 
2 1 0 0 0 0 0 0 
2 2 0 0 0 0 0 0 
2 3 0 0 0 0 0 0 
3 0 0 0 0 0 0 0 
3 1 0 0 0 0 0 0 
3 2 0 0 0 0 0 0 
3 3 0 0 0 0 0 0 
end data

// Const elem: 3 1 0 0 0 0 0 1 
begin data
0 0 0 -1 1 0 0 0 
0 0 1 -1 0 0 0 0 
0 1 0 0 0 0 0 0 
0 2 0 0 0 0 0 0 
0 3 0 0 0 0 0 0 
1 0 0 0 0 0 1 0 
1 1 0 0 0 0 1 0 
1 2 0 0 0 0 1 0 
1 3 0 0 0 0 1 0 
2 0 0 0 0 0 1 1 
2 1 0 0 0 0 1 1 
2 2 0 0 0 0 1 1 
2 3 0 0 0 0 1 1 
3 0 0 0 0 0 0 1 
3 1 0 0 0 0 0 1 
3 2 0 0 0 0 0 1 
3 3 0 0 0 0 0 1 
end data

// Const elem: 3 2 0 0 0 0 0 0 
begin data
0 1 0 0 0 0 0 0 
0 2 0 0 0 0 0 0 
0 3 0 0 0 0 0 0 
1 0 0 0 0 0 0 0 
1 1 0 0 0 0 0 0 
1 2 0 0 0 0 0 0 
1 3 0 0 0 0 0 0 
2 0 0 0 0 0 0 0 
2 1 0 0 0 0 0 0 
2 2 0 0 0 0 0 0 
2 3 0 0 0 0 0 0 
3 0 0 0 0 0 0 0 
3 1 0 0 0 0 0 0 
3 2 0 0 0 0 0 0 
3 3 0 0 0 0 0 0 
end data

// Const elem: 3 2 0 0 1 1 0 0 
begin data
0 2 0 -1 2 1 0 0 
1 0 -1 1 0 0 0 0 
1 2 1 -2 2 1 0 0 
2 0 -1 0 1 0 0 0 
2 2 1 -1 1 1 0 0 
3 0 0 -1 1 0 0 0 
3 2 0 0 1 1 0 0 
end data

// Const elem: 3 2 0 0 0 0 0 1 
begin data
0 1 0 0 0 0 0 0 
0 2 0 0 0 0 0 0 
0 3 0 0 0 0 0 0 
1 0 0 0 0 0 1 0 
1 1 0 0 0 0 1 0 
1 2 0 0 0 0 1 0 
1 3 0 0 0 0 1 0 
2 0 0 0 0 0 1 1 
2 1 0 0 0 0 1 1 
2 2 0 0 0 0 1 1 
2 3 0 0 0 0 1 1 
3 0 0 0 0 0 0 1 
3 1 0 0 0 0 0 1 
3 2 0 0 0 0 0 1 
3 3 0 0 0 0 0 1 
end data

// Const elem: 3 2 0 0 1 1 0 1 
begin data
0 2 0 -1 2 1 0 0 
1 0 -1 1 0 0 1 0 
1 2 1 -2 2 1 1 0 
2 0 -1 0 1 0 1 1 
2 2 1 -1 1 1 1 1 
3 0 0 -1 1 0 0 1 
3 2 0 0 1 1 0 1 
end data

// Const elem: 3 2 0 0 1 0 0 0 
begin data
1 2 1 -1 1 0 0 0 
2 0 0 -1 1 0 0 0 
3 2 0 0 1 0 0 0 
end data

// Const elem: 3 2 0 0 1 0 0 1 
begin data
1 2 1 -1 1 0 1 0 
2 0 0 -1 1 0 1 1 
3 2 0 0 1 0 0 1 
end data

// Const elem: 3 2 0 0 2 0 0 0 
begin data
0 1 -1 1 1 -1 0 0 
0 2 1 -2 3 0 0 0 
0 3 2 -3 2 1 0 0 
1 0 -1 0 1 0 0 0 
1 1 0 -1 2 -1 0 0 
1 2 2 -2 2 0 0 0 
1 3 1 -1 1 1 0 0 
2 0 0 -2 2 0 0 0 
2 1 1 -1 1 -1 0 0 
2 2 1 0 1 0 0 0 
2 3 0 -1 2 1 0 0 
3 0 1 -2 1 0 0 0 
3 1 0 1 0 -1 0 0 
3 2 0 0 2 0 0 0 
3 3 1 -3 3 1 0 0 
end data

// Const elem: 3 2 0 0 2 0 0 1 
begin data
0 1 -1 1 1 -1 0 0 
0 2 1 -2 3 0 0 0 
0 3 2 -3 2 1 0 0 
1 0 -1 0 1 0 1 0 
1 1 0 -1 2 -1 1 0 
1 2 2 -2 2 0 1 0 
1 3 1 -1 1 1 1 0 
2 0 0 -2 2 0 1 1 
2 1 1 -1 1 -1 1 1 
2 2 1 0 1 0 1 1 
2 3 0 -1 2 1 1 1 
3 0 1 -2 1 0 0 1 
3 1 0 1 0 -1 0 1 
3 2 0 0 2 0 0 1 
3 3 1 -3 3 1 0 1 
end data

// Const elem: 3 3 0 0 0 0 0 0 
begin data
0 1 0 0 0 0 0 0 
0 2 0 0 0 0 0 0 
0 3 0 0 0 0 0 0 
1 0 0 0 0 0 0 0 
1 1 0 0 0 0 0 0 
1 2 0 0 0 0 0 0 
1 3 0 0 0 0 0 0 
2 0 0 0 0 0 0 0 
2 1 0 0 0 0 0 0 
2 2 0 0 0 0 0 0 
2 3 0 0 0 0 0 0 
3 0 0 0 0 0 0 0 
3 1 0 0 0 0 0 0 
3 2 0 0 0 0 0 0 
3 3 0 0 0 0 0 0 
end data

// Const elem: 3 3 0 0 -1 1 0 0 
begin data
0 2 1 -1 0 2 0 0 
1 1 1 0 0 1 0 0 
1 3 0 -1 0 1 0 0 
2 0 0 1 -1 0 0 0 
2 2 1 -2 1 2 0 0 
3 1 1 -1 1 1 0 0 
3 3 0 0 -1 1 0 0 
end data

// Const elem: 3 3 0 0 0 0 0 1 
begin data
0 1 0 0 0 0 0 0 
0 2 0 0 0 0 0 0 
0 3 0 0 0 0 0 0 
1 0 0 0 0 0 1 0 
1 1 0 0 0 0 1 0 
1 2 0 0 0 0 1 0 
1 3 0 0 0 0 1 0 
2 0 0 0 0 0 1 1 
2 1 0 0 0 0 1 1 
2 2 0 0 0 0 1 1 
2 3 0 0 0 0 1 1 
3 0 0 0 0 0 0 1 
3 1 0 0 0 0 0 1 
3 2 0 0 0 0 0 1 
3 3 0 0 0 0 0 1 
end data

// Const elem: 3 3 0 0 -1 1 0 1 
begin data
0 2 1 -1 0 2 0 0 
1 1 1 0 0 1 1 0 
1 3 0 -1 0 1 1 0 
2 0 0 1 -1 0 1 1 
2 2 1 -2 1 2 1 1 
3 1 1 -1 1 1 0 1 
3 3 0 0 -1 1 0 1 
end data

// Const elem: 3 3 0 0 1 0 0 0 
begin data
1 1 -1 1 0 -1 0 0 
2 2 0 1 0 -1 0 0 
3 3 0 0 1 0 0 0 
end data

// Const elem: 3 3 0 0 1 0 0 1 
begin data
1 1 -1 1 0 -1 1 0 
2 2 0 1 0 -1 1 1 
3 3 0 0 1 0 0 1 
end data

// Const elem: 3 3 0 0 2 0 0 0 
begin data
0 1 -2 3 -1 -2 0 0 
0 2 -1 2 1 -2 0 0 
0 3 1 -1 2 0 0 0 
1 0 -1 1 0 0 0 0 
1 1 -2 2 0 -2 0 0 
1 2 0 1 1 -2 0 0 
1 3 1 0 1 0 0 0 
2 0 -1 0 1 0 0 0 
2 1 -1 1 0 -2 0 0 
2 2 0 2 0 -2 0 0 
2 3 0 1 1 0 0 0 
3 0 0 -1 1 0 0 0 
3 1 -1 2 -1 -2 0 0 
3 2 -1 3 0 -2 0 0 
3 3 0 0 2 0 0 0 
end data

// Const elem: 3 3 0 0 2 0 0 1 
begin data
0 1 -2 3 -1 -2 0 0 
0 2 -1 2 1 -2 0 0 
0 3 1 -1 2 0 0 0 
1 0 -1 1 0 0 1 0 
1 1 -2 2 0 -2 1 0 
1 2 0 1 1 -2 1 0 
1 3 1 0 1 0 1 0 
2 0 -1 0 1 0 1 1 
2 1 -1 1 0 -2 1 1 
2 2 0 2 0 -2 1 1 
2 3 0 1 1 0 1 1 
3 0 0 -1 1 0 0 1 
3 1 -1 2 -1 -2 0 1 
3 2 -1 3 0 -2 0 1 
3 3 0 0 2 0 0 1 
end data

end centralizer elements

