point group
12
1

ZMxZN
false

lattice label
Z12-I_2

begin twist
 0/1 1/12 1/3 -5/12
end twist

begin twist space group generators
1 0 0 0 0 0 0 0
end twist space group generators

begin shift space group generators
0 0 1 0 0 0 0 0
0 0 0 1 0 0 0 0
0 0 0 0 1 0 0 0
0 0 0 0 0 1 0 0
0 0 0 0 0 0 1 0
0 0 0 0 0 0 0 1
end shift space group generators

begin discrete symmetries
new non-R symmetry
12
0
1 0 0 0 0 0 0 0
1 0 0 0 0 0 0 0
new non-R symmetry
3
0
0 0 1 1 1 1 1 1
0 0 0 0 0 0 0 1
end discrete symmetries

begin lattice
next lattice vector
0.9659258263
0.2588190451
1.2247448714
-0.707106781
0.2588190451
-0.965925826
next lattice vector
0.7071067812
0.7071067812
0
1.4142135624
-0.7071067812
0.7071067812
next lattice vector
0.2588190451
0.9659258263
-1.2247448714
-0.7071067812
0.9659258263
-0.2588190451
next lattice vector
-0.2588190451
0.9659258263
1.2247448714
-0.7071067812
-0.9659258263
-0.2588190451
next lattice vector
-0.707106781
0.707106781
0
1.414213562
0.707106781
0.707106781
next lattice vector
-0.965925826
0.258819045
-1.224744871
-0.707106781
-0.258819045
-0.965925826
end lattice

allowed order of Wilson lines
3
3
3
3
3
3

begin identical WLs
 1 2 3 4 5 6
end identical WLs

begin constructing elements
new sector
0 0 0 0 0 0 0 0 
new sector
1 0 0 0 0 0 0 0 
1 0 0 0 0 0 0 1 
1 0 0 0 0 0 0 2 
new sector
2 0 0 0 0 0 0 0 
2 0 0 0 0 0 0 1 
2 0 0 0 0 0 0 2 
new sector
3 0 0 0 0 0 0 0 
new sector
4 0 0 0 0 0 0 0 
4 0 0 0 0 1 -1 -1 
4 0 0 0 0 2 -2 -2 
4 0 0 0 0 0 1 0 
4 0 0 0 0 1 0 -1 
4 0 0 0 0 0 2 0 
4 0 0 0 0 1 -1 0 
4 0 0 0 0 2 0 -1 
4 0 0 0 0 1 0 1 
new sector
5 0 0 0 0 0 0 0 
5 0 0 0 0 0 0 -1 
5 0 0 0 0 0 0 -2 
new sector
6 0 0 0 0 0 0 0 
6 0 0 0 -1 0 0 1 
new sector
7 0 0 0 0 0 0 0 
7 0 0 0 0 0 0 1 
7 0 0 0 0 0 0 2 
new sector
8 0 0 0 0 0 0 0 
8 0 0 0 0 -1 -1 0 
8 0 0 0 0 -2 -2 0 
8 0 0 0 0 0 1 0 
8 0 0 0 0 -1 0 0 
8 0 0 0 0 -2 -1 0 
8 0 0 0 0 -2 -2 1 
8 0 0 0 0 -2 0 1 
8 0 0 0 0 -1 0 2 
new sector
9 0 0 0 0 0 0 0 
new sector
10 0 0 0 0 0 0 0 
10 0 0 0 0 0 0 1 
10 0 0 0 0 0 0 2 
new sector
11 0 0 0 0 0 0 0 
11 0 0 0 0 0 0 1 
11 0 0 0 0 0 0 2 
end constructing elements

begin centralizer elements
// Const elem: 0 0 0 0 0 0 0 0 
begin data
0 0 1 0 0 0 0 0 
0 0 0 1 0 0 0 0 
0 0 0 0 1 0 0 0 
0 0 0 0 0 1 0 0 
0 0 0 0 0 0 1 0 
0 0 0 0 0 0 0 1 
1 0 0 0 0 0 0 0 
end data

// Const elem: 1 0 0 0 0 0 0 0 
begin data
1 0 0 0 0 0 0 0 
2 0 0 0 0 0 0 0 
3 0 0 0 0 0 0 0 
4 0 0 0 0 0 0 0 
5 0 0 0 0 0 0 0 
6 0 0 0 0 0 0 0 
7 0 0 0 0 0 0 0 
8 0 0 0 0 0 0 0 
9 0 0 0 0 0 0 0 
10 0 0 0 0 0 0 0 
11 0 0 0 0 0 0 0 
end data

// Const elem: 1 0 0 0 0 0 0 1 
begin data
1 0 0 0 0 0 0 1 
2 0 -1 -1 0 1 0 0 
3 0 0 -1 -1 0 1 1 
4 0 -1 -1 -1 0 0 1 
5 0 -1 -2 -1 0 0 0 
6 0 0 -1 -2 -1 0 1 
7 0 -1 -1 -1 -1 -1 0 
8 0 0 -1 -1 -1 -1 0 
9 0 0 0 -1 -1 -1 0 
10 0 0 0 0 -1 -1 0 
11 0 0 0 0 0 -1 0 
end data

// Const elem: 1 0 0 0 0 0 0 2 
begin data
1 0 0 0 0 0 0 2 
2 0 -2 -2 0 2 0 0 
3 0 0 -2 -2 0 2 2 
4 0 -2 -2 -2 0 0 2 
5 0 -2 -4 -2 0 0 0 
6 0 0 -2 -4 -2 0 2 
7 0 -2 -2 -2 -2 -2 0 
8 0 0 -2 -2 -2 -2 0 
9 0 0 0 -2 -2 -2 0 
10 0 0 0 0 -2 -2 0 
11 0 0 0 0 0 -2 0 
end data

// Const elem: 2 0 0 0 0 0 0 0 
begin data
1 0 0 0 0 0 0 0 
2 0 0 0 0 0 0 0 
3 0 0 0 0 0 0 0 
4 0 0 0 0 0 0 0 
5 0 0 0 0 0 0 0 
6 0 0 0 0 0 0 0 
7 0 0 0 0 0 0 0 
8 0 0 0 0 0 0 0 
9 0 0 0 0 0 0 0 
10 0 0 0 0 0 0 0 
11 0 0 0 0 0 0 0 
end data

// Const elem: 2 0 0 0 0 0 0 1 
begin data
1 0 1 0 0 -1 1 1 
2 0 0 0 0 0 0 1 
3 0 0 -1 0 0 1 0 
4 0 1 0 -1 -1 1 2 
5 0 -1 -1 0 0 0 0 
6 0 1 -1 -1 -1 1 1 
7 0 0 0 -1 -1 0 1 
8 0 0 -1 0 -1 0 0 
9 0 1 0 -1 -1 0 1 
10 0 0 0 0 -1 0 0 
11 0 1 0 0 -1 0 1 
end data

// Const elem: 2 0 0 0 0 0 0 2 
begin data
1 0 2 0 0 -2 2 2 
2 0 0 0 0 0 0 2 
3 0 0 -2 0 0 2 0 
4 0 2 0 -2 -2 2 4 
5 0 -2 -2 0 0 0 0 
6 0 2 -2 -2 -2 2 2 
7 0 0 0 -2 -2 0 2 
8 0 0 -2 0 -2 0 0 
9 0 2 0 -2 -2 0 2 
10 0 0 0 0 -2 0 0 
11 0 2 0 0 -2 0 2 
end data

// Const elem: 3 0 0 0 0 0 0 0 
begin data
0 0 1 0 -1 0 1 0 
0 0 0 1 0 -1 0 1 
1 0 0 0 0 0 0 0 
2 0 0 0 0 0 0 0 
3 0 0 0 0 0 0 0 
4 0 0 0 0 0 0 0 
5 0 0 0 0 0 0 0 
6 0 0 0 0 0 0 0 
7 0 0 0 0 0 0 0 
8 0 0 0 0 0 0 0 
9 0 0 0 0 0 0 0 
10 0 0 0 0 0 0 0 
11 0 0 0 0 0 0 0 
end data

// Const elem: 4 0 0 0 0 0 0 0 
begin data
1 0 0 0 0 0 0 0 
2 0 0 0 0 0 0 0 
3 0 0 0 0 0 0 0 
4 0 0 0 0 0 0 0 
5 0 0 0 0 0 0 0 
6 0 0 0 0 0 0 0 
7 0 0 0 0 0 0 0 
8 0 0 0 0 0 0 0 
9 0 0 0 0 0 0 0 
10 0 0 0 0 0 0 0 
11 0 0 0 0 0 0 0 
end data

// Const elem: 4 0 0 0 0 1 -1 -1 
begin data
4 0 0 0 0 1 -1 -1 
8 0 2 1 -1 0 1 1 
end data

// Const elem: 4 0 0 0 0 2 -2 -2 
begin data
4 0 0 0 0 2 -2 -2 
8 0 4 2 -2 0 2 2 
end data

// Const elem: 4 0 0 0 0 0 1 0 
begin data
4 0 0 0 0 0 1 0 
8 0 -1 0 0 0 0 0 
end data

// Const elem: 4 0 0 0 0 1 0 -1 
begin data
4 0 0 0 0 1 0 -1 
8 0 1 1 -1 0 1 1 
end data

// Const elem: 4 0 0 0 0 0 2 0 
begin data
4 0 0 0 0 0 2 0 
8 0 -2 0 0 0 0 0 
end data

// Const elem: 4 0 0 0 0 1 -1 0 
begin data
4 0 0 0 0 1 -1 0 
8 0 2 0 -1 0 1 1 
end data

// Const elem: 4 0 0 0 0 2 0 -1 
begin data
1 0 1 0 -1 1 0 0 
2 0 1 1 -1 0 1 0 
3 0 1 1 0 0 0 1 
4 0 0 0 0 2 0 -1 
5 0 2 1 -1 0 2 1 
6 0 0 1 0 1 0 1 
7 0 0 -1 0 2 1 -1 
8 0 2 1 -2 0 2 2 
9 0 -1 0 0 1 0 0 
10 0 1 -1 -1 1 1 0 
11 0 1 1 -2 0 1 1 
end data

// Const elem: 4 0 0 0 0 1 0 1 
begin data
1 0 1 0 0 0 0 1 
2 0 0 0 0 1 0 0 
3 0 1 0 0 0 1 1 
4 0 0 0 0 1 0 1 
5 0 0 -1 0 1 1 0 
6 0 1 0 -1 0 1 2 
7 0 -1 -1 0 1 0 0 
8 0 1 -1 -1 0 1 1 
9 0 0 0 -1 0 0 1 
10 0 0 -1 0 0 0 0 
11 0 1 0 -1 0 0 1 
end data

// Const elem: 5 0 0 0 0 0 0 0 
begin data
1 0 0 0 0 0 0 0 
2 0 0 0 0 0 0 0 
3 0 0 0 0 0 0 0 
4 0 0 0 0 0 0 0 
5 0 0 0 0 0 0 0 
6 0 0 0 0 0 0 0 
7 0 0 0 0 0 0 0 
8 0 0 0 0 0 0 0 
9 0 0 0 0 0 0 0 
10 0 0 0 0 0 0 0 
11 0 0 0 0 0 0 0 
end data

// Const elem: 5 0 0 0 0 0 0 -1 
begin data
1 0 0 -2 1 0 1 -2 
2 0 2 0 -1 -1 1 1 
3 0 -1 -1 1 0 0 -2 
4 0 2 -1 0 -1 1 0 
5 0 0 0 0 0 0 -1 
6 0 1 -1 1 -1 1 -1 
7 0 1 0 0 0 0 0 
8 0 0 -1 1 0 1 -2 
9 0 2 0 0 -1 1 1 
10 0 -1 -1 1 1 0 -2 
11 0 2 -1 0 -1 2 0 
end data

// Const elem: 5 0 0 0 0 0 0 -2 
begin data
1 0 0 -4 2 0 2 -4 
2 0 4 0 -2 -2 2 2 
3 0 -2 -2 2 0 0 -4 
4 0 4 -2 0 -2 2 0 
5 0 0 0 0 0 0 -2 
6 0 2 -2 2 -2 2 -2 
7 0 2 0 0 0 0 0 
8 0 0 -2 2 0 2 -4 
9 0 4 0 0 -2 2 2 
10 0 -2 -2 2 2 0 -4 
11 0 4 -2 0 -2 4 0 
end data

// Const elem: 6 0 0 0 0 0 0 0 
begin data
0 0 1 0 -1 0 1 0 
0 0 0 1 0 -1 0 1 
1 0 0 0 0 0 0 0 
2 0 0 0 0 0 0 0 
3 0 0 0 0 0 0 0 
4 0 0 0 0 0 0 0 
5 0 0 0 0 0 0 0 
6 0 0 0 0 0 0 0 
7 0 0 0 0 0 0 0 
8 0 0 0 0 0 0 0 
9 0 0 0 0 0 0 0 
10 0 0 0 0 0 0 0 
11 0 0 0 0 0 0 0 
end data

// Const elem: 6 0 0 0 -1 0 0 1 
begin data
0 0 1 0 -1 0 1 0 
0 0 0 1 0 -1 0 1 
3 0 0 -1 0 1 0 0 
6 0 0 -1 -1 1 0 0 
9 0 0 0 -1 0 0 0 
end data

// Const elem: 7 0 0 0 0 0 0 0 
begin data
1 0 0 0 0 0 0 0 
2 0 0 0 0 0 0 0 
3 0 0 0 0 0 0 0 
4 0 0 0 0 0 0 0 
5 0 0 0 0 0 0 0 
6 0 0 0 0 0 0 0 
7 0 0 0 0 0 0 0 
8 0 0 0 0 0 0 0 
9 0 0 0 0 0 0 0 
10 0 0 0 0 0 0 0 
11 0 0 0 0 0 0 0 
end data

// Const elem: 7 0 0 0 0 0 0 1 
begin data
1 0 1 -1 1 -1 1 0 
2 0 1 0 0 0 0 1 
3 0 0 -1 1 0 1 -1 
4 0 2 0 0 -1 1 2 
5 0 -1 -1 1 1 0 -1 
6 0 2 -1 0 -1 2 1 
7 0 0 0 0 0 0 1 
8 0 0 -2 1 0 1 -1 
9 0 2 0 -1 -1 1 2 
10 0 -1 -1 1 0 0 -1 
11 0 2 -1 0 -1 1 1 
end data

// Const elem: 7 0 0 0 0 0 0 2 
begin data
1 0 2 -2 2 -2 2 0 
2 0 2 0 0 0 0 2 
3 0 0 -2 2 0 2 -2 
4 0 4 0 0 -2 2 4 
5 0 -2 -2 2 2 0 -2 
6 0 4 -2 0 -2 4 2 
7 0 0 0 0 0 0 2 
8 0 0 -4 2 0 2 -2 
9 0 4 0 -2 -2 2 4 
10 0 -2 -2 2 0 0 -2 
11 0 4 -2 0 -2 2 2 
end data

// Const elem: 8 0 0 0 0 0 0 0 
begin data
1 0 0 0 0 0 0 0 
2 0 0 0 0 0 0 0 
3 0 0 0 0 0 0 0 
4 0 0 0 0 0 0 0 
5 0 0 0 0 0 0 0 
6 0 0 0 0 0 0 0 
7 0 0 0 0 0 0 0 
8 0 0 0 0 0 0 0 
9 0 0 0 0 0 0 0 
10 0 0 0 0 0 0 0 
11 0 0 0 0 0 0 0 
end data

// Const elem: 8 0 0 0 0 -1 -1 0 
begin data
4 0 0 0 -1 -1 0 1 
8 0 0 0 0 -1 -1 0 
end data

// Const elem: 8 0 0 0 0 -2 -2 0 
begin data
4 0 0 0 -2 -2 0 2 
8 0 0 0 0 -2 -2 0 
end data

// Const elem: 8 0 0 0 0 0 1 0 
begin data
4 0 1 0 0 0 1 0 
8 0 0 0 0 0 1 0 
end data

// Const elem: 8 0 0 0 0 -1 0 0 
begin data
4 0 1 0 -1 -1 1 1 
8 0 0 0 0 -1 0 0 
end data

// Const elem: 8 0 0 0 0 -2 -1 0 
begin data
4 0 1 0 -2 -2 1 2 
8 0 0 0 0 -2 -1 0 
end data

// Const elem: 8 0 0 0 0 -2 -2 1 
begin data
4 0 0 1 -2 -2 0 3 
8 0 0 0 0 -2 -2 1 
end data

// Const elem: 8 0 0 0 0 -2 0 1 
begin data
1 0 2 1 -1 -2 2 2 
2 0 0 1 0 -1 0 2 
3 0 0 -1 0 0 1 0 
4 0 2 1 -2 -2 2 3 
5 0 -1 0 0 -1 0 1 
6 0 1 -1 -1 -1 1 1 
7 0 1 1 -2 -2 1 2 
8 0 0 0 0 -2 0 1 
9 0 1 0 -1 -1 0 1 
10 0 1 1 -1 -2 1 1 
11 0 1 1 0 -2 0 2 
end data

// Const elem: 8 0 0 0 0 -1 0 2 
begin data
1 0 2 2 -1 -2 1 3 
2 0 -1 1 1 0 -1 1 
3 0 1 0 0 0 1 1 
4 0 1 2 -1 -1 1 3 
5 0 -1 0 1 0 0 1 
6 0 1 0 -1 0 1 2 
7 0 0 1 -1 -1 1 2 
8 0 0 0 0 -1 0 2 
9 0 0 0 -1 0 0 1 
10 0 1 1 -1 -2 1 2 
11 0 0 1 0 -1 -1 2 
end data

// Const elem: 9 0 0 0 0 0 0 0 
begin data
0 0 1 0 -1 0 1 0 
0 0 0 1 0 -1 0 1 
1 0 0 0 0 0 0 0 
2 0 0 0 0 0 0 0 
3 0 0 0 0 0 0 0 
4 0 0 0 0 0 0 0 
5 0 0 0 0 0 0 0 
6 0 0 0 0 0 0 0 
7 0 0 0 0 0 0 0 
8 0 0 0 0 0 0 0 
9 0 0 0 0 0 0 0 
10 0 0 0 0 0 0 0 
11 0 0 0 0 0 0 0 
end data

// Const elem: 10 0 0 0 0 0 0 0 
begin data
1 0 0 0 0 0 0 0 
2 0 0 0 0 0 0 0 
3 0 0 0 0 0 0 0 
4 0 0 0 0 0 0 0 
5 0 0 0 0 0 0 0 
6 0 0 0 0 0 0 0 
7 0 0 0 0 0 0 0 
8 0 0 0 0 0 0 0 
9 0 0 0 0 0 0 0 
10 0 0 0 0 0 0 0 
11 0 0 0 0 0 0 0 
end data

// Const elem: 10 0 0 0 0 0 0 1 
begin data
1 0 0 1 0 0 -1 1 
2 0 -1 0 1 1 -1 -1 
3 0 1 1 0 0 0 1 
4 0 -1 1 1 1 -1 0 
5 0 0 0 1 1 0 0 
6 0 0 1 0 1 0 1 
7 0 -1 0 1 1 0 0 
8 0 0 0 0 1 0 1 
9 0 -1 0 0 1 0 0 
10 0 0 0 0 0 0 1 
11 0 -1 0 0 1 -1 0 
end data

// Const elem: 10 0 0 0 0 0 0 2 
begin data
1 0 0 2 0 0 -2 2 
2 0 -2 0 2 2 -2 -2 
3 0 2 2 0 0 0 2 
4 0 -2 2 2 2 -2 0 
5 0 0 0 2 2 0 0 
6 0 0 2 0 2 0 2 
7 0 -2 0 2 2 0 0 
8 0 0 0 0 2 0 2 
9 0 -2 0 0 2 0 0 
10 0 0 0 0 0 0 2 
11 0 -2 0 0 2 -2 0 
end data

// Const elem: 11 0 0 0 0 0 0 0 
begin data
1 0 0 0 0 0 0 0 
2 0 0 0 0 0 0 0 
3 0 0 0 0 0 0 0 
4 0 0 0 0 0 0 0 
5 0 0 0 0 0 0 0 
6 0 0 0 0 0 0 0 
7 0 0 0 0 0 0 0 
8 0 0 0 0 0 0 0 
9 0 0 0 0 0 0 0 
10 0 0 0 0 0 0 0 
11 0 0 0 0 0 0 0 
end data

// Const elem: 11 0 0 0 0 0 0 1 
begin data
1 0 1 1 0 -1 0 1 
2 0 0 1 1 0 -1 0 
3 0 1 1 1 0 0 0 
4 0 1 2 1 0 0 1 
5 0 0 1 2 1 0 0 
6 0 1 1 1 1 1 1 
7 0 0 1 1 1 1 1 
8 0 0 0 1 1 1 1 
9 0 0 0 0 1 1 1 
10 0 0 0 0 0 1 1 
11 0 0 0 0 0 0 1 
end data

// Const elem: 11 0 0 0 0 0 0 2 
begin data
1 0 2 2 0 -2 0 2 
2 0 0 2 2 0 -2 0 
3 0 2 2 2 0 0 0 
4 0 2 4 2 0 0 2 
5 0 0 2 4 2 0 0 
6 0 2 2 2 2 2 2 
7 0 0 2 2 2 2 2 
8 0 0 0 2 2 2 2 
9 0 0 0 0 2 2 2 
10 0 0 0 0 0 2 2 
11 0 0 0 0 0 0 2 
end data

end centralizer elements

