point group
3
6

ZMxZN
true

lattice label
Z3xZ6_2

begin twist
 0/1 0/1 1/3 -1/3
 0/1 1/6 0/1 -1/6
end twist

begin twist space group generators
1 0 0 0 0 0 0 0
0 1 0 0 0 0 0 0
end twist space group generators

begin shift space group generators
0 0 1 0 0 0 0 0
0 0 0 1 0 0 0 0
0 0 0 0 1 0 0 0
0 0 0 0 0 1 0 0
0 0 0 0 0 0 1 0
0 0 0 0 0 0 0 1
end shift space group generators

begin discrete symmetries
new non-R symmetry
3
0
1 0 0 0 0 0 0 0
1 0 0 0 0 0 0 0
new non-R symmetry
6
0
0 1 0 0 0 0 0 0
0 1 0 0 0 0 0 0
new non-R symmetry
3
0
0 0 0 0 0 0 1 1
0 0 0 0 0 0 0 1
end discrete symmetries

begin lattice
next lattice vector
2.
0
0
0
-2.
0
next lattice vector
2.
0
0
0
1.
1.7320508076
next lattice vector
2.
0
0
0
1.
-1.732050808
next lattice vector
1.
1.7320508076
0
0
-1.
1.7320508076
next lattice vector
0
0
3.4641016151
0
0
0
next lattice vector
0
0
-1.7320508076
3.
0
0
end lattice

allowed order of Wilson lines
1
1
1
1
3
3

begin identical WLs
 5 6
end identical WLs

begin constructing elements
new sector
0 0 0 0 0 0 0 0 
new sector
0 1 0 0 0 0 0 0 
new sector
0 2 0 0 0 0 0 0 
0 2 0 0 1 0 0 0 
0 2 0 0 2 -1 0 0 
new sector
0 3 0 0 0 0 0 0 
0 3 1 0 0 0 0 0 
0 3 1 1 0 0 0 0 
0 3 1 1 1 0 0 0 
new sector
0 4 0 0 0 0 0 0 
0 4 0 0 1 1 0 0 
0 4 0 0 0 1 0 0 
new sector
0 5 0 0 0 0 0 0 
new sector
1 0 0 0 0 0 0 0 
1 0 0 0 0 0 0 1 
1 0 0 0 0 0 0 2 
new sector
1 1 0 0 0 0 0 0 
1 1 0 1 0 0 0 0 
1 1 0 0 0 1 0 1 
1 1 0 0 0 2 0 2 
1 1 0 1 0 2 0 2 
1 1 0 0 0 4 0 4 
new sector
1 2 0 0 0 0 0 0 
1 2 0 0 2 -1 0 0 
1 2 0 0 1 0 0 0 
1 2 0 0 0 0 0 1 
1 2 0 0 2 -1 0 1 
1 2 0 0 1 0 0 1 
1 2 0 0 0 0 0 2 
1 2 0 0 2 -1 0 2 
1 2 0 0 1 0 0 2 
new sector
1 3 0 0 0 0 0 0 
1 3 0 0 1 0 0 0 
1 3 0 0 0 -1 0 1 
1 3 0 0 0 -2 0 2 
1 3 0 0 1 -2 0 2 
1 3 0 0 0 -4 0 4 
new sector
1 4 0 0 0 0 0 0 
1 4 0 0 0 0 0 1 
1 4 0 0 0 0 0 2 
new sector
1 5 0 0 0 0 0 0 
1 5 0 0 0 0 0 1 
1 5 0 0 0 0 0 2 
new sector
2 0 0 0 0 0 0 0 
2 0 0 0 0 0 0 1 
2 0 0 0 0 0 0 2 
new sector
2 1 0 0 0 0 0 0 
2 1 0 0 0 0 0 1 
2 1 0 0 0 0 0 2 
new sector
2 2 0 0 0 0 0 0 
2 2 0 0 0 0 0 1 
2 2 0 0 0 0 0 2 
new sector
2 3 0 0 0 0 0 0 
2 3 0 0 1 0 0 0 
2 3 0 0 0 -1 0 1 
2 3 0 0 0 -2 0 2 
2 3 0 0 1 -2 0 2 
2 3 0 0 0 -4 0 4 
new sector
2 4 0 0 0 0 0 0 
2 4 0 0 0 1 0 0 
2 4 0 0 1 1 0 0 
2 4 0 0 0 0 0 1 
2 4 0 0 0 1 0 1 
2 4 0 0 1 1 0 1 
2 4 0 0 0 0 0 2 
2 4 0 0 0 1 0 2 
2 4 0 0 1 1 0 2 
new sector
2 5 0 0 0 0 0 0 
2 5 0 -1 0 0 0 0 
2 5 0 0 0 -1 0 1 
2 5 0 0 0 -2 0 2 
2 5 0 -1 0 -2 0 2 
2 5 0 0 0 -4 0 4 
end constructing elements

begin centralizer elements
// Const elem: 0 0 0 0 0 0 0 0 
begin data
0 0 1 0 0 0 0 0 
0 0 0 1 0 0 0 0 
0 0 0 0 1 0 0 0 
0 0 0 0 0 1 0 0 
0 0 0 0 0 0 1 0 
0 0 0 0 0 0 0 1 
1 0 0 0 0 0 0 0 
0 1 0 0 0 0 0 0 
end data

// Const elem: 0 1 0 0 0 0 0 0 
begin data
0 0 0 0 0 0 1 0 
0 0 0 0 0 0 0 1 
0 1 0 0 0 0 0 0 
0 2 0 0 0 0 0 0 
0 3 0 0 0 0 0 0 
0 4 0 0 0 0 0 0 
0 5 0 0 0 0 0 0 
1 0 0 0 0 0 0 0 
1 1 0 0 0 0 0 0 
1 2 0 0 0 0 0 0 
1 3 0 0 0 0 0 0 
1 4 0 0 0 0 0 0 
1 5 0 0 0 0 0 0 
2 0 0 0 0 0 0 0 
2 1 0 0 0 0 0 0 
2 2 0 0 0 0 0 0 
2 3 0 0 0 0 0 0 
2 4 0 0 0 0 0 0 
2 5 0 0 0 0 0 0 
end data

// Const elem: 0 2 0 0 0 0 0 0 
begin data
0 0 0 0 0 0 1 0 
0 0 0 0 0 0 0 1 
0 1 0 0 0 0 0 0 
0 2 0 0 0 0 0 0 
0 3 0 0 0 0 0 0 
0 4 0 0 0 0 0 0 
0 5 0 0 0 0 0 0 
1 0 0 0 0 0 0 0 
1 1 0 0 0 0 0 0 
1 2 0 0 0 0 0 0 
1 3 0 0 0 0 0 0 
1 4 0 0 0 0 0 0 
1 5 0 0 0 0 0 0 
2 0 0 0 0 0 0 0 
2 1 0 0 0 0 0 0 
2 2 0 0 0 0 0 0 
2 3 0 0 0 0 0 0 
2 4 0 0 0 0 0 0 
2 5 0 0 0 0 0 0 
end data

// Const elem: 0 2 0 0 1 0 0 0 
begin data
0 0 0 0 0 0 1 0 
0 0 0 0 0 0 0 1 
0 2 0 0 1 0 0 0 
0 4 0 -1 1 1 0 0 
end data

// Const elem: 0 2 0 0 2 -1 0 0 
begin data
0 0 0 0 0 0 1 0 
0 0 0 0 0 0 0 1 
0 2 0 0 2 -1 0 0 
0 4 1 -2 2 1 0 0 
1 0 -1 -1 2 0 0 0 
1 2 2 -1 1 -1 0 0 
1 4 0 0 1 1 0 0 
2 0 1 -2 1 0 0 0 
2 2 1 1 0 -1 0 0 
2 4 -1 -1 3 1 0 0 
end data

// Const elem: 0 3 0 0 0 0 0 0 
begin data
0 0 0 0 0 0 1 0 
0 0 0 0 0 0 0 1 
0 1 0 0 0 0 0 0 
0 2 0 0 0 0 0 0 
0 3 0 0 0 0 0 0 
0 4 0 0 0 0 0 0 
0 5 0 0 0 0 0 0 
1 0 0 0 0 0 0 0 
1 1 0 0 0 0 0 0 
1 2 0 0 0 0 0 0 
1 3 0 0 0 0 0 0 
1 4 0 0 0 0 0 0 
1 5 0 0 0 0 0 0 
2 0 0 0 0 0 0 0 
2 1 0 0 0 0 0 0 
2 2 0 0 0 0 0 0 
2 3 0 0 0 0 0 0 
2 4 0 0 0 0 0 0 
2 5 0 0 0 0 0 0 
end data

// Const elem: 0 3 1 0 0 0 0 0 
begin data
0 0 0 0 0 0 1 0 
0 0 0 0 0 0 0 1 
0 3 1 0 0 0 0 0 
end data

// Const elem: 0 3 1 1 0 0 0 0 
begin data
0 0 0 0 0 0 1 0 
0 0 0 0 0 0 0 1 
0 3 1 1 0 0 0 0 
1 1 1 1 -1 -1 0 0 
1 4 0 0 1 1 0 0 
2 2 1 1 0 -1 0 0 
2 5 0 0 0 1 0 0 
end data

// Const elem: 0 3 1 1 1 0 0 0 
begin data
0 0 0 0 0 0 1 0 
0 0 0 0 0 0 0 1 
0 3 1 1 1 0 0 0 
1 0 0 0 0 0 0 0 
1 3 1 1 1 0 0 0 
2 0 0 0 0 0 0 0 
2 3 1 1 1 0 0 0 
end data

// Const elem: 0 4 0 0 0 0 0 0 
begin data
0 0 0 0 0 0 1 0 
0 0 0 0 0 0 0 1 
0 1 0 0 0 0 0 0 
0 2 0 0 0 0 0 0 
0 3 0 0 0 0 0 0 
0 4 0 0 0 0 0 0 
0 5 0 0 0 0 0 0 
1 0 0 0 0 0 0 0 
1 1 0 0 0 0 0 0 
1 2 0 0 0 0 0 0 
1 3 0 0 0 0 0 0 
1 4 0 0 0 0 0 0 
1 5 0 0 0 0 0 0 
2 0 0 0 0 0 0 0 
2 1 0 0 0 0 0 0 
2 2 0 0 0 0 0 0 
2 3 0 0 0 0 0 0 
2 4 0 0 0 0 0 0 
2 5 0 0 0 0 0 0 
end data

// Const elem: 0 4 0 0 1 1 0 0 
begin data
0 0 0 0 0 0 1 0 
0 0 0 0 0 0 0 1 
0 2 1 1 0 -1 0 0 
0 4 0 0 1 1 0 0 
1 0 0 0 0 0 0 0 
1 2 1 1 0 -1 0 0 
1 4 0 0 1 1 0 0 
2 0 0 0 0 0 0 0 
2 2 1 1 0 -1 0 0 
2 4 0 0 1 1 0 0 
end data

// Const elem: 0 4 0 0 0 1 0 0 
begin data
0 0 0 0 0 0 1 0 
0 0 0 0 0 0 0 1 
0 2 1 0 0 0 0 0 
0 4 0 0 0 1 0 0 
end data

// Const elem: 0 5 0 0 0 0 0 0 
begin data
0 0 0 0 0 0 1 0 
0 0 0 0 0 0 0 1 
0 1 0 0 0 0 0 0 
0 2 0 0 0 0 0 0 
0 3 0 0 0 0 0 0 
0 4 0 0 0 0 0 0 
0 5 0 0 0 0 0 0 
1 0 0 0 0 0 0 0 
1 1 0 0 0 0 0 0 
1 2 0 0 0 0 0 0 
1 3 0 0 0 0 0 0 
1 4 0 0 0 0 0 0 
1 5 0 0 0 0 0 0 
2 0 0 0 0 0 0 0 
2 1 0 0 0 0 0 0 
2 2 0 0 0 0 0 0 
2 3 0 0 0 0 0 0 
2 4 0 0 0 0 0 0 
2 5 0 0 0 0 0 0 
end data

// Const elem: 1 0 0 0 0 0 0 0 
begin data
0 0 1 1 1 0 0 0 
0 0 -1 -1 0 1 0 0 
0 1 0 0 0 0 0 0 
0 2 0 0 0 0 0 0 
0 3 0 0 0 0 0 0 
0 4 0 0 0 0 0 0 
0 5 0 0 0 0 0 0 
1 0 0 0 0 0 0 0 
1 1 0 0 0 0 0 0 
1 2 0 0 0 0 0 0 
1 3 0 0 0 0 0 0 
1 4 0 0 0 0 0 0 
1 5 0 0 0 0 0 0 
2 0 0 0 0 0 0 0 
2 1 0 0 0 0 0 0 
2 2 0 0 0 0 0 0 
2 3 0 0 0 0 0 0 
2 4 0 0 0 0 0 0 
2 5 0 0 0 0 0 0 
end data

// Const elem: 1 0 0 0 0 0 0 1 
begin data
0 0 1 1 1 0 0 0 
0 0 -1 -1 0 1 0 0 
0 1 0 0 0 0 0 0 
0 2 0 0 0 0 0 0 
0 3 0 0 0 0 0 0 
0 4 0 0 0 0 0 0 
0 5 0 0 0 0 0 0 
1 0 0 0 0 0 0 1 
1 1 0 0 0 0 0 1 
1 2 0 0 0 0 0 1 
1 3 0 0 0 0 0 1 
1 4 0 0 0 0 0 1 
1 5 0 0 0 0 0 1 
2 0 0 0 0 0 -1 0 
2 1 0 0 0 0 -1 0 
2 2 0 0 0 0 -1 0 
2 3 0 0 0 0 -1 0 
2 4 0 0 0 0 -1 0 
2 5 0 0 0 0 -1 0 
end data

// Const elem: 1 0 0 0 0 0 0 2 
begin data
0 0 1 1 1 0 0 0 
0 0 -1 -1 0 1 0 0 
0 1 0 0 0 0 0 0 
0 2 0 0 0 0 0 0 
0 3 0 0 0 0 0 0 
0 4 0 0 0 0 0 0 
0 5 0 0 0 0 0 0 
1 0 0 0 0 0 0 2 
1 1 0 0 0 0 0 2 
1 2 0 0 0 0 0 2 
1 3 0 0 0 0 0 2 
1 4 0 0 0 0 0 2 
1 5 0 0 0 0 0 2 
2 0 0 0 0 0 -2 0 
2 1 0 0 0 0 -2 0 
2 2 0 0 0 0 -2 0 
2 3 0 0 0 0 -2 0 
2 4 0 0 0 0 -2 0 
2 5 0 0 0 0 -2 0 
end data

// Const elem: 1 1 0 0 0 0 0 0 
begin data
0 1 0 0 0 0 0 0 
0 2 0 0 0 0 0 0 
0 3 0 0 0 0 0 0 
0 4 0 0 0 0 0 0 
0 5 0 0 0 0 0 0 
1 0 0 0 0 0 0 0 
1 1 0 0 0 0 0 0 
1 2 0 0 0 0 0 0 
1 3 0 0 0 0 0 0 
1 4 0 0 0 0 0 0 
1 5 0 0 0 0 0 0 
2 0 0 0 0 0 0 0 
2 1 0 0 0 0 0 0 
2 2 0 0 0 0 0 0 
2 3 0 0 0 0 0 0 
2 4 0 0 0 0 0 0 
2 5 0 0 0 0 0 0 
end data

// Const elem: 1 1 0 1 0 0 0 0 
begin data
0 3 -1 0 1 2 0 0 
1 1 0 1 0 0 0 0 
1 4 -1 -1 1 2 0 0 
2 2 0 0 1 1 0 0 
2 5 -1 0 0 1 0 0 
end data

// Const elem: 1 1 0 0 0 1 0 1 
begin data
0 3 -1 -1 0 2 0 0 
1 1 0 0 0 1 0 1 
1 4 -1 -1 0 1 0 1 
2 2 -1 -1 1 2 -1 0 
2 5 0 0 -1 0 -1 0 
end data

// Const elem: 1 1 0 0 0 2 0 2 
begin data
0 1 0 -1 1 2 0 0 
0 2 -1 -2 1 4 0 0 
0 3 -2 -2 0 4 0 0 
0 4 -2 -1 -1 2 0 0 
0 5 -1 0 -1 0 0 0 
1 0 1 0 -1 0 0 2 
1 1 0 0 0 2 0 2 
1 2 -2 -1 1 4 0 2 
1 3 -3 -2 1 4 0 2 
1 4 -2 -2 0 2 0 2 
1 5 0 -1 -1 0 0 2 
2 0 0 1 -1 0 -2 0 
2 1 -1 0 1 2 -2 0 
2 2 -2 -2 2 4 -2 0 
2 3 -2 -3 1 4 -2 0 
2 4 -1 -2 -1 2 -2 0 
2 5 0 0 -2 0 -2 0 
end data

// Const elem: 1 1 0 1 0 2 0 2 
begin data
0 3 -3 -2 1 6 0 0 
1 1 0 1 0 2 0 2 
1 4 -3 -3 1 4 0 2 
2 2 -2 -2 3 5 -2 0 
2 5 -1 0 -2 1 -2 0 
end data

// Const elem: 1 1 0 0 0 4 0 4 
begin data
0 1 0 -2 2 4 0 0 
0 2 -2 -4 2 8 0 0 
0 3 -4 -4 0 8 0 0 
0 4 -4 -2 -2 4 0 0 
0 5 -2 0 -2 0 0 0 
1 0 2 0 -2 0 0 4 
1 1 0 0 0 4 0 4 
1 2 -4 -2 2 8 0 4 
1 3 -6 -4 2 8 0 4 
1 4 -4 -4 0 4 0 4 
1 5 0 -2 -2 0 0 4 
2 0 0 2 -2 0 -4 0 
2 1 -2 0 2 4 -4 0 
2 2 -4 -4 4 8 -4 0 
2 3 -4 -6 2 8 -4 0 
2 4 -2 -4 -2 4 -4 0 
2 5 0 0 -4 0 -4 0 
end data

// Const elem: 1 2 0 0 0 0 0 0 
begin data
0 1 0 0 0 0 0 0 
0 2 0 0 0 0 0 0 
0 3 0 0 0 0 0 0 
0 4 0 0 0 0 0 0 
0 5 0 0 0 0 0 0 
1 0 0 0 0 0 0 0 
1 1 0 0 0 0 0 0 
1 2 0 0 0 0 0 0 
1 3 0 0 0 0 0 0 
1 4 0 0 0 0 0 0 
1 5 0 0 0 0 0 0 
2 0 0 0 0 0 0 0 
2 1 0 0 0 0 0 0 
2 2 0 0 0 0 0 0 
2 3 0 0 0 0 0 0 
2 4 0 0 0 0 0 0 
2 5 0 0 0 0 0 0 
end data

// Const elem: 1 2 0 0 2 -1 0 0 
begin data
0 2 -1 2 1 -1 0 0 
0 4 -1 -1 3 1 0 0 
1 0 -2 1 1 0 0 0 
1 2 0 0 2 -1 0 0 
1 4 0 0 1 1 0 0 
2 0 -1 -1 2 0 0 0 
2 2 1 1 0 -1 0 0 
2 4 -2 1 2 1 0 0 
end data

// Const elem: 1 2 0 0 1 0 0 0 
begin data
1 2 0 0 1 0 0 0 
2 4 -1 0 1 1 0 0 
end data

// Const elem: 1 2 0 0 0 0 0 1 
begin data
0 1 0 0 0 0 0 0 
0 2 0 0 0 0 0 0 
0 3 0 0 0 0 0 0 
0 4 0 0 0 0 0 0 
0 5 0 0 0 0 0 0 
1 0 0 0 0 0 0 1 
1 1 0 0 0 0 0 1 
1 2 0 0 0 0 0 1 
1 3 0 0 0 0 0 1 
1 4 0 0 0 0 0 1 
1 5 0 0 0 0 0 1 
2 0 0 0 0 0 -1 0 
2 1 0 0 0 0 -1 0 
2 2 0 0 0 0 -1 0 
2 3 0 0 0 0 -1 0 
2 4 0 0 0 0 -1 0 
2 5 0 0 0 0 -1 0 
end data

// Const elem: 1 2 0 0 2 -1 0 1 
begin data
0 2 -1 2 1 -1 0 0 
0 4 -1 -1 3 1 0 0 
1 0 -2 1 1 0 0 1 
1 2 0 0 2 -1 0 1 
1 4 0 0 1 1 0 1 
2 0 -1 -1 2 0 -1 0 
2 2 1 1 0 -1 -1 0 
2 4 -2 1 2 1 -1 0 
end data

// Const elem: 1 2 0 0 1 0 0 1 
begin data
1 2 0 0 1 0 0 1 
2 4 -1 0 1 1 -1 0 
end data

// Const elem: 1 2 0 0 0 0 0 2 
begin data
0 1 0 0 0 0 0 0 
0 2 0 0 0 0 0 0 
0 3 0 0 0 0 0 0 
0 4 0 0 0 0 0 0 
0 5 0 0 0 0 0 0 
1 0 0 0 0 0 0 2 
1 1 0 0 0 0 0 2 
1 2 0 0 0 0 0 2 
1 3 0 0 0 0 0 2 
1 4 0 0 0 0 0 2 
1 5 0 0 0 0 0 2 
2 0 0 0 0 0 -2 0 
2 1 0 0 0 0 -2 0 
2 2 0 0 0 0 -2 0 
2 3 0 0 0 0 -2 0 
2 4 0 0 0 0 -2 0 
2 5 0 0 0 0 -2 0 
end data

// Const elem: 1 2 0 0 2 -1 0 2 
begin data
0 2 -1 2 1 -1 0 0 
0 4 -1 -1 3 1 0 0 
1 0 -2 1 1 0 0 2 
1 2 0 0 2 -1 0 2 
1 4 0 0 1 1 0 2 
2 0 -1 -1 2 0 -2 0 
2 2 1 1 0 -1 -2 0 
2 4 -2 1 2 1 -2 0 
end data

// Const elem: 1 2 0 0 1 0 0 2 
begin data
1 2 0 0 1 0 0 2 
2 4 -1 0 1 1 -2 0 
end data

// Const elem: 1 3 0 0 0 0 0 0 
begin data
0 1 0 0 0 0 0 0 
0 2 0 0 0 0 0 0 
0 3 0 0 0 0 0 0 
0 4 0 0 0 0 0 0 
0 5 0 0 0 0 0 0 
1 0 0 0 0 0 0 0 
1 1 0 0 0 0 0 0 
1 2 0 0 0 0 0 0 
1 3 0 0 0 0 0 0 
1 4 0 0 0 0 0 0 
1 5 0 0 0 0 0 0 
2 0 0 0 0 0 0 0 
2 1 0 0 0 0 0 0 
2 2 0 0 0 0 0 0 
2 3 0 0 0 0 0 0 
2 4 0 0 0 0 0 0 
2 5 0 0 0 0 0 0 
end data

// Const elem: 1 3 0 0 1 0 0 0 
begin data
0 3 -1 1 1 0 0 0 
1 0 -1 1 0 0 0 0 
1 3 0 0 1 0 0 0 
2 0 -1 0 1 0 0 0 
2 3 0 1 0 0 0 0 
end data

// Const elem: 1 3 0 0 0 -1 0 1 
begin data
0 3 -1 1 0 -1 0 0 
1 0 -1 1 0 0 0 1 
1 3 0 0 0 -1 0 1 
2 0 -1 0 1 0 -1 0 
2 3 0 1 -1 -1 -1 0 
end data

// Const elem: 1 3 0 0 0 -2 0 2 
begin data
0 1 -1 1 -1 0 0 0 
0 2 -2 2 -1 -1 0 0 
0 3 -2 2 0 -2 0 0 
0 4 -1 1 1 -2 0 0 
0 5 0 0 1 -1 0 0 
1 0 -2 2 0 0 0 2 
1 1 -3 1 1 0 0 2 
1 2 -2 0 1 -1 0 2 
1 3 0 0 0 -2 0 2 
1 4 1 1 -1 -2 0 2 
1 5 0 2 -1 -1 0 2 
2 0 -2 0 2 0 -2 0 
2 1 -1 -1 1 0 -2 0 
2 2 0 0 -1 -1 -2 0 
2 3 0 2 -2 -2 -2 0 
2 4 -1 3 -1 -2 -2 0 
2 5 -2 2 1 -1 -2 0 
end data

// Const elem: 1 3 0 0 1 -2 0 2 
begin data
0 3 -3 3 1 -2 0 0 
1 0 -3 3 0 0 0 2 
1 3 0 0 1 -2 0 2 
2 0 -3 0 3 0 -2 0 
2 3 0 3 -2 -2 -2 0 
end data

// Const elem: 1 3 0 0 0 -4 0 4 
begin data
0 1 -2 2 -2 0 0 0 
0 2 -4 4 -2 -2 0 0 
0 3 -4 4 0 -4 0 0 
0 4 -2 2 2 -4 0 0 
0 5 0 0 2 -2 0 0 
1 0 -4 4 0 0 0 4 
1 1 -6 2 2 0 0 4 
1 2 -4 0 2 -2 0 4 
1 3 0 0 0 -4 0 4 
1 4 2 2 -2 -4 0 4 
1 5 0 4 -2 -2 0 4 
2 0 -4 0 4 0 -4 0 
2 1 -2 -2 2 0 -4 0 
2 2 0 0 -2 -2 -4 0 
2 3 0 4 -4 -4 -4 0 
2 4 -2 6 -2 -4 -4 0 
2 5 -4 4 2 -2 -4 0 
end data

// Const elem: 1 4 0 0 0 0 0 0 
begin data
0 0 0 -1 1 0 0 0 
0 0 1 -1 0 0 0 0 
0 1 0 0 0 0 0 0 
0 2 0 0 0 0 0 0 
0 3 0 0 0 0 0 0 
0 4 0 0 0 0 0 0 
0 5 0 0 0 0 0 0 
1 0 0 0 0 0 0 0 
1 1 0 0 0 0 0 0 
1 2 0 0 0 0 0 0 
1 3 0 0 0 0 0 0 
1 4 0 0 0 0 0 0 
1 5 0 0 0 0 0 0 
2 0 0 0 0 0 0 0 
2 1 0 0 0 0 0 0 
2 2 0 0 0 0 0 0 
2 3 0 0 0 0 0 0 
2 4 0 0 0 0 0 0 
2 5 0 0 0 0 0 0 
end data

// Const elem: 1 4 0 0 0 0 0 1 
begin data
0 0 0 -1 1 0 0 0 
0 0 1 -1 0 0 0 0 
0 1 0 0 0 0 0 0 
0 2 0 0 0 0 0 0 
0 3 0 0 0 0 0 0 
0 4 0 0 0 0 0 0 
0 5 0 0 0 0 0 0 
1 0 0 0 0 0 0 1 
1 1 0 0 0 0 0 1 
1 2 0 0 0 0 0 1 
1 3 0 0 0 0 0 1 
1 4 0 0 0 0 0 1 
1 5 0 0 0 0 0 1 
2 0 0 0 0 0 -1 0 
2 1 0 0 0 0 -1 0 
2 2 0 0 0 0 -1 0 
2 3 0 0 0 0 -1 0 
2 4 0 0 0 0 -1 0 
2 5 0 0 0 0 -1 0 
end data

// Const elem: 1 4 0 0 0 0 0 2 
begin data
0 0 0 -1 1 0 0 0 
0 0 1 -1 0 0 0 0 
0 1 0 0 0 0 0 0 
0 2 0 0 0 0 0 0 
0 3 0 0 0 0 0 0 
0 4 0 0 0 0 0 0 
0 5 0 0 0 0 0 0 
1 0 0 0 0 0 0 2 
1 1 0 0 0 0 0 2 
1 2 0 0 0 0 0 2 
1 3 0 0 0 0 0 2 
1 4 0 0 0 0 0 2 
1 5 0 0 0 0 0 2 
2 0 0 0 0 0 -2 0 
2 1 0 0 0 0 -2 0 
2 2 0 0 0 0 -2 0 
2 3 0 0 0 0 -2 0 
2 4 0 0 0 0 -2 0 
2 5 0 0 0 0 -2 0 
end data

// Const elem: 1 5 0 0 0 0 0 0 
begin data
0 1 0 0 0 0 0 0 
0 2 0 0 0 0 0 0 
0 3 0 0 0 0 0 0 
0 4 0 0 0 0 0 0 
0 5 0 0 0 0 0 0 
1 0 0 0 0 0 0 0 
1 1 0 0 0 0 0 0 
1 2 0 0 0 0 0 0 
1 3 0 0 0 0 0 0 
1 4 0 0 0 0 0 0 
1 5 0 0 0 0 0 0 
2 0 0 0 0 0 0 0 
2 1 0 0 0 0 0 0 
2 2 0 0 0 0 0 0 
2 3 0 0 0 0 0 0 
2 4 0 0 0 0 0 0 
2 5 0 0 0 0 0 0 
end data

// Const elem: 1 5 0 0 0 0 0 1 
begin data
0 1 0 0 0 0 0 0 
0 2 0 0 0 0 0 0 
0 3 0 0 0 0 0 0 
0 4 0 0 0 0 0 0 
0 5 0 0 0 0 0 0 
1 0 0 0 0 0 0 1 
1 1 0 0 0 0 0 1 
1 2 0 0 0 0 0 1 
1 3 0 0 0 0 0 1 
1 4 0 0 0 0 0 1 
1 5 0 0 0 0 0 1 
2 0 0 0 0 0 -1 0 
2 1 0 0 0 0 -1 0 
2 2 0 0 0 0 -1 0 
2 3 0 0 0 0 -1 0 
2 4 0 0 0 0 -1 0 
2 5 0 0 0 0 -1 0 
end data

// Const elem: 1 5 0 0 0 0 0 2 
begin data
0 1 0 0 0 0 0 0 
0 2 0 0 0 0 0 0 
0 3 0 0 0 0 0 0 
0 4 0 0 0 0 0 0 
0 5 0 0 0 0 0 0 
1 0 0 0 0 0 0 2 
1 1 0 0 0 0 0 2 
1 2 0 0 0 0 0 2 
1 3 0 0 0 0 0 2 
1 4 0 0 0 0 0 2 
1 5 0 0 0 0 0 2 
2 0 0 0 0 0 -2 0 
2 1 0 0 0 0 -2 0 
2 2 0 0 0 0 -2 0 
2 3 0 0 0 0 -2 0 
2 4 0 0 0 0 -2 0 
2 5 0 0 0 0 -2 0 
end data

// Const elem: 2 0 0 0 0 0 0 0 
begin data
0 0 -1 -1 0 1 0 0 
0 0 1 1 1 0 0 0 
0 1 0 0 0 0 0 0 
0 2 0 0 0 0 0 0 
0 3 0 0 0 0 0 0 
0 4 0 0 0 0 0 0 
0 5 0 0 0 0 0 0 
1 0 0 0 0 0 0 0 
1 1 0 0 0 0 0 0 
1 2 0 0 0 0 0 0 
1 3 0 0 0 0 0 0 
1 4 0 0 0 0 0 0 
1 5 0 0 0 0 0 0 
2 0 0 0 0 0 0 0 
2 1 0 0 0 0 0 0 
2 2 0 0 0 0 0 0 
2 3 0 0 0 0 0 0 
2 4 0 0 0 0 0 0 
2 5 0 0 0 0 0 0 
end data

// Const elem: 2 0 0 0 0 0 0 1 
begin data
0 0 -1 -1 0 1 0 0 
0 0 1 1 1 0 0 0 
0 1 0 0 0 0 0 0 
0 2 0 0 0 0 0 0 
0 3 0 0 0 0 0 0 
0 4 0 0 0 0 0 0 
0 5 0 0 0 0 0 0 
1 0 0 0 0 0 1 1 
1 1 0 0 0 0 1 1 
1 2 0 0 0 0 1 1 
1 3 0 0 0 0 1 1 
1 4 0 0 0 0 1 1 
1 5 0 0 0 0 1 1 
2 0 0 0 0 0 0 1 
2 1 0 0 0 0 0 1 
2 2 0 0 0 0 0 1 
2 3 0 0 0 0 0 1 
2 4 0 0 0 0 0 1 
2 5 0 0 0 0 0 1 
end data

// Const elem: 2 0 0 0 0 0 0 2 
begin data
0 0 -1 -1 0 1 0 0 
0 0 1 1 1 0 0 0 
0 1 0 0 0 0 0 0 
0 2 0 0 0 0 0 0 
0 3 0 0 0 0 0 0 
0 4 0 0 0 0 0 0 
0 5 0 0 0 0 0 0 
1 0 0 0 0 0 2 2 
1 1 0 0 0 0 2 2 
1 2 0 0 0 0 2 2 
1 3 0 0 0 0 2 2 
1 4 0 0 0 0 2 2 
1 5 0 0 0 0 2 2 
2 0 0 0 0 0 0 2 
2 1 0 0 0 0 0 2 
2 2 0 0 0 0 0 2 
2 3 0 0 0 0 0 2 
2 4 0 0 0 0 0 2 
2 5 0 0 0 0 0 2 
end data

// Const elem: 2 1 0 0 0 0 0 0 
begin data
0 1 0 0 0 0 0 0 
0 2 0 0 0 0 0 0 
0 3 0 0 0 0 0 0 
0 4 0 0 0 0 0 0 
0 5 0 0 0 0 0 0 
1 0 0 0 0 0 0 0 
1 1 0 0 0 0 0 0 
1 2 0 0 0 0 0 0 
1 3 0 0 0 0 0 0 
1 4 0 0 0 0 0 0 
1 5 0 0 0 0 0 0 
2 0 0 0 0 0 0 0 
2 1 0 0 0 0 0 0 
2 2 0 0 0 0 0 0 
2 3 0 0 0 0 0 0 
2 4 0 0 0 0 0 0 
2 5 0 0 0 0 0 0 
end data

// Const elem: 2 1 0 0 0 0 0 1 
begin data
0 1 0 0 0 0 0 0 
0 2 0 0 0 0 0 0 
0 3 0 0 0 0 0 0 
0 4 0 0 0 0 0 0 
0 5 0 0 0 0 0 0 
1 0 0 0 0 0 1 1 
1 1 0 0 0 0 1 1 
1 2 0 0 0 0 1 1 
1 3 0 0 0 0 1 1 
1 4 0 0 0 0 1 1 
1 5 0 0 0 0 1 1 
2 0 0 0 0 0 0 1 
2 1 0 0 0 0 0 1 
2 2 0 0 0 0 0 1 
2 3 0 0 0 0 0 1 
2 4 0 0 0 0 0 1 
2 5 0 0 0 0 0 1 
end data

// Const elem: 2 1 0 0 0 0 0 2 
begin data
0 1 0 0 0 0 0 0 
0 2 0 0 0 0 0 0 
0 3 0 0 0 0 0 0 
0 4 0 0 0 0 0 0 
0 5 0 0 0 0 0 0 
1 0 0 0 0 0 2 2 
1 1 0 0 0 0 2 2 
1 2 0 0 0 0 2 2 
1 3 0 0 0 0 2 2 
1 4 0 0 0 0 2 2 
1 5 0 0 0 0 2 2 
2 0 0 0 0 0 0 2 
2 1 0 0 0 0 0 2 
2 2 0 0 0 0 0 2 
2 3 0 0 0 0 0 2 
2 4 0 0 0 0 0 2 
2 5 0 0 0 0 0 2 
end data

// Const elem: 2 2 0 0 0 0 0 0 
begin data
0 0 -1 1 0 0 0 0 
0 0 -1 0 1 0 0 0 
0 1 0 0 0 0 0 0 
0 2 0 0 0 0 0 0 
0 3 0 0 0 0 0 0 
0 4 0 0 0 0 0 0 
0 5 0 0 0 0 0 0 
1 0 0 0 0 0 0 0 
1 1 0 0 0 0 0 0 
1 2 0 0 0 0 0 0 
1 3 0 0 0 0 0 0 
1 4 0 0 0 0 0 0 
1 5 0 0 0 0 0 0 
2 0 0 0 0 0 0 0 
2 1 0 0 0 0 0 0 
2 2 0 0 0 0 0 0 
2 3 0 0 0 0 0 0 
2 4 0 0 0 0 0 0 
2 5 0 0 0 0 0 0 
end data

// Const elem: 2 2 0 0 0 0 0 1 
begin data
0 0 -1 1 0 0 0 0 
0 0 -1 0 1 0 0 0 
0 1 0 0 0 0 0 0 
0 2 0 0 0 0 0 0 
0 3 0 0 0 0 0 0 
0 4 0 0 0 0 0 0 
0 5 0 0 0 0 0 0 
1 0 0 0 0 0 1 1 
1 1 0 0 0 0 1 1 
1 2 0 0 0 0 1 1 
1 3 0 0 0 0 1 1 
1 4 0 0 0 0 1 1 
1 5 0 0 0 0 1 1 
2 0 0 0 0 0 0 1 
2 1 0 0 0 0 0 1 
2 2 0 0 0 0 0 1 
2 3 0 0 0 0 0 1 
2 4 0 0 0 0 0 1 
2 5 0 0 0 0 0 1 
end data

// Const elem: 2 2 0 0 0 0 0 2 
begin data
0 0 -1 1 0 0 0 0 
0 0 -1 0 1 0 0 0 
0 1 0 0 0 0 0 0 
0 2 0 0 0 0 0 0 
0 3 0 0 0 0 0 0 
0 4 0 0 0 0 0 0 
0 5 0 0 0 0 0 0 
1 0 0 0 0 0 2 2 
1 1 0 0 0 0 2 2 
1 2 0 0 0 0 2 2 
1 3 0 0 0 0 2 2 
1 4 0 0 0 0 2 2 
1 5 0 0 0 0 2 2 
2 0 0 0 0 0 0 2 
2 1 0 0 0 0 0 2 
2 2 0 0 0 0 0 2 
2 3 0 0 0 0 0 2 
2 4 0 0 0 0 0 2 
2 5 0 0 0 0 0 2 
end data

// Const elem: 2 3 0 0 0 0 0 0 
begin data
0 1 0 0 0 0 0 0 
0 2 0 0 0 0 0 0 
0 3 0 0 0 0 0 0 
0 4 0 0 0 0 0 0 
0 5 0 0 0 0 0 0 
1 0 0 0 0 0 0 0 
1 1 0 0 0 0 0 0 
1 2 0 0 0 0 0 0 
1 3 0 0 0 0 0 0 
1 4 0 0 0 0 0 0 
1 5 0 0 0 0 0 0 
2 0 0 0 0 0 0 0 
2 1 0 0 0 0 0 0 
2 2 0 0 0 0 0 0 
2 3 0 0 0 0 0 0 
2 4 0 0 0 0 0 0 
2 5 0 0 0 0 0 0 
end data

// Const elem: 2 3 0 0 1 0 0 0 
begin data
0 3 1 -1 1 0 0 0 
1 0 0 -1 1 0 0 0 
1 3 1 0 0 0 0 0 
2 0 1 -1 0 0 0 0 
2 3 0 0 1 0 0 0 
end data

// Const elem: 2 3 0 0 0 -1 0 1 
begin data
0 3 1 -1 0 -1 0 0 
1 0 0 -1 1 0 1 1 
1 3 1 0 -1 -1 1 1 
2 0 1 -1 0 0 0 1 
2 3 0 0 0 -1 0 1 
end data

// Const elem: 2 3 0 0 0 -2 0 2 
begin data
0 1 -1 -1 1 0 0 0 
0 2 0 -2 1 -1 0 0 
0 3 2 -2 0 -2 0 0 
0 4 3 -1 -1 -2 0 0 
0 5 2 0 -1 -1 0 0 
1 0 0 -2 2 0 2 2 
1 1 1 -3 1 0 2 2 
1 2 2 -2 -1 -1 2 2 
1 3 2 0 -2 -2 2 2 
1 4 1 1 -1 -2 2 2 
1 5 0 0 1 -1 2 2 
2 0 2 -2 0 0 0 2 
2 1 1 -1 -1 0 0 2 
2 2 0 0 -1 -1 0 2 
2 3 0 0 0 -2 0 2 
2 4 1 -1 1 -2 0 2 
2 5 2 -2 1 -1 0 2 
end data

// Const elem: 2 3 0 0 1 -2 0 2 
begin data
0 3 3 -3 1 -2 0 0 
1 0 0 -3 3 0 2 2 
1 3 3 0 -2 -2 2 2 
2 0 3 -3 0 0 0 2 
2 3 0 0 1 -2 0 2 
end data

// Const elem: 2 3 0 0 0 -4 0 4 
begin data
0 1 -2 -2 2 0 0 0 
0 2 0 -4 2 -2 0 0 
0 3 4 -4 0 -4 0 0 
0 4 6 -2 -2 -4 0 0 
0 5 4 0 -2 -2 0 0 
1 0 0 -4 4 0 4 4 
1 1 2 -6 2 0 4 4 
1 2 4 -4 -2 -2 4 4 
1 3 4 0 -4 -4 4 4 
1 4 2 2 -2 -4 4 4 
1 5 0 0 2 -2 4 4 
2 0 4 -4 0 0 0 4 
2 1 2 -2 -2 0 0 4 
2 2 0 0 -2 -2 0 4 
2 3 0 0 0 -4 0 4 
2 4 2 -2 2 -4 0 4 
2 5 4 -4 2 -2 0 4 
end data

// Const elem: 2 4 0 0 0 0 0 0 
begin data
0 1 0 0 0 0 0 0 
0 2 0 0 0 0 0 0 
0 3 0 0 0 0 0 0 
0 4 0 0 0 0 0 0 
0 5 0 0 0 0 0 0 
1 0 0 0 0 0 0 0 
1 1 0 0 0 0 0 0 
1 2 0 0 0 0 0 0 
1 3 0 0 0 0 0 0 
1 4 0 0 0 0 0 0 
1 5 0 0 0 0 0 0 
2 0 0 0 0 0 0 0 
2 1 0 0 0 0 0 0 
2 2 0 0 0 0 0 0 
2 3 0 0 0 0 0 0 
2 4 0 0 0 0 0 0 
2 5 0 0 0 0 0 0 
end data

// Const elem: 2 4 0 0 0 1 0 0 
begin data
1 2 0 1 0 0 0 0 
2 4 0 0 0 1 0 0 
end data

// Const elem: 2 4 0 0 1 1 0 0 
begin data
0 2 1 1 0 -1 0 0 
0 4 0 0 1 1 0 0 
1 0 0 0 0 0 0 0 
1 2 1 1 0 -1 0 0 
1 4 0 0 1 1 0 0 
2 0 0 0 0 0 0 0 
2 2 1 1 0 -1 0 0 
2 4 0 0 1 1 0 0 
end data

// Const elem: 2 4 0 0 0 0 0 1 
begin data
0 1 0 0 0 0 0 0 
0 2 0 0 0 0 0 0 
0 3 0 0 0 0 0 0 
0 4 0 0 0 0 0 0 
0 5 0 0 0 0 0 0 
1 0 0 0 0 0 1 1 
1 1 0 0 0 0 1 1 
1 2 0 0 0 0 1 1 
1 3 0 0 0 0 1 1 
1 4 0 0 0 0 1 1 
1 5 0 0 0 0 1 1 
2 0 0 0 0 0 0 1 
2 1 0 0 0 0 0 1 
2 2 0 0 0 0 0 1 
2 3 0 0 0 0 0 1 
2 4 0 0 0 0 0 1 
2 5 0 0 0 0 0 1 
end data

// Const elem: 2 4 0 0 0 1 0 1 
begin data
1 2 0 1 0 0 1 1 
2 4 0 0 0 1 0 1 
end data

// Const elem: 2 4 0 0 1 1 0 1 
begin data
0 2 1 1 0 -1 0 0 
0 4 0 0 1 1 0 0 
1 0 0 0 0 0 1 1 
1 2 1 1 0 -1 1 1 
1 4 0 0 1 1 1 1 
2 0 0 0 0 0 0 1 
2 2 1 1 0 -1 0 1 
2 4 0 0 1 1 0 1 
end data

// Const elem: 2 4 0 0 0 0 0 2 
begin data
0 1 0 0 0 0 0 0 
0 2 0 0 0 0 0 0 
0 3 0 0 0 0 0 0 
0 4 0 0 0 0 0 0 
0 5 0 0 0 0 0 0 
1 0 0 0 0 0 2 2 
1 1 0 0 0 0 2 2 
1 2 0 0 0 0 2 2 
1 3 0 0 0 0 2 2 
1 4 0 0 0 0 2 2 
1 5 0 0 0 0 2 2 
2 0 0 0 0 0 0 2 
2 1 0 0 0 0 0 2 
2 2 0 0 0 0 0 2 
2 3 0 0 0 0 0 2 
2 4 0 0 0 0 0 2 
2 5 0 0 0 0 0 2 
end data

// Const elem: 2 4 0 0 0 1 0 2 
begin data
1 2 0 1 0 0 2 2 
2 4 0 0 0 1 0 2 
end data

// Const elem: 2 4 0 0 1 1 0 2 
begin data
0 2 1 1 0 -1 0 0 
0 4 0 0 1 1 0 0 
1 0 0 0 0 0 2 2 
1 2 1 1 0 -1 2 2 
1 4 0 0 1 1 2 2 
2 0 0 0 0 0 0 2 
2 2 1 1 0 -1 0 2 
2 4 0 0 1 1 0 2 
end data

// Const elem: 2 5 0 0 0 0 0 0 
begin data
0 1 0 0 0 0 0 0 
0 2 0 0 0 0 0 0 
0 3 0 0 0 0 0 0 
0 4 0 0 0 0 0 0 
0 5 0 0 0 0 0 0 
1 0 0 0 0 0 0 0 
1 1 0 0 0 0 0 0 
1 2 0 0 0 0 0 0 
1 3 0 0 0 0 0 0 
1 4 0 0 0 0 0 0 
1 5 0 0 0 0 0 0 
2 0 0 0 0 0 0 0 
2 1 0 0 0 0 0 0 
2 2 0 0 0 0 0 0 
2 3 0 0 0 0 0 0 
2 4 0 0 0 0 0 0 
2 5 0 0 0 0 0 0 
end data

// Const elem: 2 5 0 -1 0 0 0 0 
begin data
0 3 -1 -2 1 2 0 0 
1 1 0 -1 1 1 0 0 
1 4 -1 -1 0 1 0 0 
2 2 -1 -1 1 2 0 0 
2 5 0 -1 0 0 0 0 
end data

// Const elem: 2 5 0 0 0 -1 0 1 
begin data
0 3 -1 -1 0 0 0 0 
1 1 -1 -1 1 1 1 1 
1 4 0 0 -1 -1 1 1 
2 2 -1 -1 0 1 0 1 
2 5 0 0 0 -1 0 1 
end data

// Const elem: 2 5 0 0 0 -2 0 2 
begin data
0 1 -2 -1 1 2 0 0 
0 2 -3 -2 1 2 0 0 
0 3 -2 -2 0 0 0 0 
0 4 0 -1 -1 -2 0 0 
0 5 1 0 -1 -2 0 0 
1 0 -1 0 1 0 2 2 
1 1 -2 -2 2 2 2 2 
1 2 -2 -3 1 2 2 2 
1 3 -1 -2 -1 0 2 2 
1 4 0 0 -2 -2 2 2 
1 5 0 1 -1 -2 2 2 
2 0 0 -1 1 0 0 2 
2 1 -1 -2 1 2 0 2 
2 2 -2 -2 0 2 0 2 
2 3 -2 -1 -1 0 0 2 
2 4 -1 0 -1 -2 0 2 
2 5 0 0 0 -2 0 2 
end data

// Const elem: 2 5 0 -1 0 -2 0 2 
begin data
0 3 -3 -4 1 2 0 0 
1 1 -2 -3 3 3 2 2 
1 4 -1 -1 -2 -1 2 2 
2 2 -3 -3 1 4 0 2 
2 5 0 -1 0 -2 0 2 
end data

// Const elem: 2 5 0 0 0 -4 0 4 
begin data
0 1 -4 -2 2 4 0 0 
0 2 -6 -4 2 4 0 0 
0 3 -4 -4 0 0 0 0 
0 4 0 -2 -2 -4 0 0 
0 5 2 0 -2 -4 0 0 
1 0 -2 0 2 0 4 4 
1 1 -4 -4 4 4 4 4 
1 2 -4 -6 2 4 4 4 
1 3 -2 -4 -2 0 4 4 
1 4 0 0 -4 -4 4 4 
1 5 0 2 -2 -4 4 4 
2 0 0 -2 2 0 0 4 
2 1 -2 -4 2 4 0 4 
2 2 -4 -4 0 4 0 4 
2 3 -4 -2 -2 0 0 4 
2 4 -2 0 -2 -4 0 4 
2 5 0 0 0 -4 0 4 
end data

end centralizer elements

