point group
2
6

ZMxZN
true

lattice label
Z2xZ6-I_2

begin twist
 0/1 0/1 1/2 -1/2
 0/1 1/6 0/1 -1/6
end twist

begin twist space group generators
1 0 0 0 0 0 0 0
0 1 0 0 0 0 0 0
end twist space group generators

begin shift space group generators
0 0 1 0 0 0 0 0
0 0 0 1 0 0 0 0
0 0 0 0 1 0 0 0
0 0 0 0 0 1 0 0
0 0 0 0 0 0 1 0
0 0 0 0 0 0 0 1
end shift space group generators

begin discrete symmetries
new non-R symmetry
2
0
1 0 0 0 0 0 0 0
1 0 0 0 0 0 0 0
new non-R symmetry
6
0
0 1 0 0 0 0 0 0
0 1 0 0 0 0 0 0
new non-R symmetry
2
0
0 0 0 0 0 0 1 0
0 0 0 0 0 0 1 0
new non-R symmetry
2
0
0 0 0 0 0 0 0 1
0 0 0 0 0 0 0 1
end discrete symmetries

begin lattice
next lattice vector
0.8660254038
0.5
0
0
0.8660254038
-0.5
next lattice vector
0.8660254038
0.5
0
0
-0.8660254038
0.5
next lattice vector
0.8660254038
-0.5
0
0
0.8660254038
0.5
next lattice vector
0.8660254038
-0.5
0
0
-0.8660254038
-0.5
next lattice vector
0
0
1.7320508076
0
0
0
next lattice vector
0
0
0
1.7320508076
0
0
end lattice

allowed order of Wilson lines
1
1
1
1
2
2

begin identical WLs
none
end identical WLs

begin constructing elements
new sector
0 0 0 0 0 0 0 0 
new sector
0 1 0 0 0 0 0 0 
new sector
0 2 0 0 0 0 0 0 
0 2 0 0 1 0 0 0 
0 2 0 0 1 1 0 0 
0 2 0 0 2 1 0 0 
new sector
0 3 0 0 0 0 0 0 
0 3 1 0 0 0 0 0 
0 3 1 1 0 0 0 0 
0 3 0 1 1 0 0 0 
new sector
0 4 0 0 0 0 0 0 
0 4 0 0 -1 0 0 0 
0 4 0 0 -1 -1 0 0 
0 4 0 0 -2 -1 0 0 
new sector
0 5 0 0 0 0 0 0 
new sector
1 0 0 0 0 0 0 0 
1 0 0 0 0 0 1 0 
1 0 0 0 0 0 0 1 
1 0 0 0 0 0 1 1 
new sector
1 1 0 0 0 0 0 0 
1 1 0 0 0 0 0 1 
1 1 0 0 0 1 -1 0 
1 1 0 0 0 1 -1 1 
1 1 0 0 0 2 -2 0 
1 1 0 0 0 2 -2 1 
1 1 0 0 0 3 -3 0 
1 1 0 0 0 3 -3 1 
new sector
1 2 0 0 0 0 0 0 
1 2 0 0 0 0 0 1 
1 2 0 0 0 -1 1 0 
1 2 0 0 0 -1 1 1 
1 2 0 0 0 -2 2 0 
1 2 0 0 0 -2 2 1 
1 2 0 0 0 -3 3 0 
1 2 0 0 0 -3 3 1 
new sector
1 3 0 0 0 0 0 0 
1 3 0 0 0 0 1 0 
1 3 0 0 0 0 0 1 
1 3 0 0 0 0 1 1 
new sector
1 4 0 0 0 0 0 0 
1 4 0 0 0 0 0 1 
1 4 0 0 0 1 -1 0 
1 4 0 0 0 1 -1 1 
1 4 0 0 0 2 -2 0 
1 4 0 0 0 2 -2 1 
1 4 0 0 0 3 -3 0 
1 4 0 0 0 3 -3 1 
new sector
1 5 0 0 0 0 0 0 
1 5 0 0 0 0 0 1 
1 5 0 0 0 1 -1 0 
1 5 0 0 0 1 -1 1 
1 5 0 0 0 2 -2 0 
1 5 0 0 0 2 -2 1 
1 5 0 0 0 3 -3 0 
1 5 0 0 0 3 -3 1 
end constructing elements

begin centralizer elements
// Const elem: 0 0 0 0 0 0 0 0 
begin data
0 0 1 0 0 0 0 0 
0 0 0 1 0 0 0 0 
0 0 0 0 1 0 0 0 
0 0 0 0 0 1 0 0 
0 0 0 0 0 0 1 0 
0 0 0 0 0 0 0 1 
1 0 0 0 0 0 0 0 
0 1 0 0 0 0 0 0 
end data

// Const elem: 0 1 0 0 0 0 0 0 
begin data
0 0 0 0 0 0 1 0 
0 0 0 0 0 0 0 1 
0 1 0 0 0 0 0 0 
0 2 0 0 0 0 0 0 
0 3 0 0 0 0 0 0 
0 4 0 0 0 0 0 0 
0 5 0 0 0 0 0 0 
1 0 0 0 0 0 0 0 
1 1 0 0 0 0 0 0 
1 2 0 0 0 0 0 0 
1 3 0 0 0 0 0 0 
1 4 0 0 0 0 0 0 
1 5 0 0 0 0 0 0 
end data

// Const elem: 0 2 0 0 0 0 0 0 
begin data
0 0 0 0 0 0 1 0 
0 0 0 0 0 0 0 1 
0 1 0 0 0 0 0 0 
0 2 0 0 0 0 0 0 
0 3 0 0 0 0 0 0 
0 4 0 0 0 0 0 0 
0 5 0 0 0 0 0 0 
1 0 0 0 0 0 0 0 
1 1 0 0 0 0 0 0 
1 2 0 0 0 0 0 0 
1 3 0 0 0 0 0 0 
1 4 0 0 0 0 0 0 
1 5 0 0 0 0 0 0 
end data

// Const elem: 0 2 0 0 1 0 0 0 
begin data
0 0 0 0 0 0 1 0 
0 0 0 0 0 0 0 1 
0 2 0 0 1 0 0 0 
0 4 1 0 0 0 0 0 
end data

// Const elem: 0 2 0 0 1 1 0 0 
begin data
0 0 0 0 0 0 1 0 
0 0 0 0 0 0 0 1 
0 2 0 0 1 1 0 0 
0 4 1 1 0 0 0 0 
1 0 0 0 0 0 0 0 
1 2 0 0 1 1 0 0 
1 4 1 1 0 0 0 0 
end data

// Const elem: 0 2 0 0 2 1 0 0 
begin data
0 0 0 0 0 0 1 0 
0 0 0 0 0 0 0 1 
0 2 0 0 2 1 0 0 
0 4 2 1 0 0 0 0 
1 1 0 -1 1 1 0 0 
1 3 1 1 1 1 0 0 
1 5 1 1 0 -1 0 0 
end data

// Const elem: 0 3 0 0 0 0 0 0 
begin data
0 0 0 0 0 0 1 0 
0 0 0 0 0 0 0 1 
0 1 0 0 0 0 0 0 
0 2 0 0 0 0 0 0 
0 3 0 0 0 0 0 0 
0 4 0 0 0 0 0 0 
0 5 0 0 0 0 0 0 
1 0 0 0 0 0 0 0 
1 1 0 0 0 0 0 0 
1 2 0 0 0 0 0 0 
1 3 0 0 0 0 0 0 
1 4 0 0 0 0 0 0 
1 5 0 0 0 0 0 0 
end data

// Const elem: 0 3 1 0 0 0 0 0 
begin data
0 0 0 0 0 0 1 0 
0 0 0 0 0 0 0 1 
0 3 1 0 0 0 0 0 
end data

// Const elem: 0 3 1 1 0 0 0 0 
begin data
0 0 0 0 0 0 1 0 
0 0 0 0 0 0 0 1 
0 3 1 1 0 0 0 0 
1 0 0 0 0 0 0 0 
1 3 1 1 0 0 0 0 
end data

// Const elem: 0 3 0 1 1 0 0 0 
begin data
0 0 0 0 0 0 1 0 
0 0 0 0 0 0 0 1 
0 3 0 1 1 0 0 0 
end data

// Const elem: 0 4 0 0 0 0 0 0 
begin data
0 0 0 0 0 0 1 0 
0 0 0 0 0 0 0 1 
0 1 0 0 0 0 0 0 
0 2 0 0 0 0 0 0 
0 3 0 0 0 0 0 0 
0 4 0 0 0 0 0 0 
0 5 0 0 0 0 0 0 
1 0 0 0 0 0 0 0 
1 1 0 0 0 0 0 0 
1 2 0 0 0 0 0 0 
1 3 0 0 0 0 0 0 
1 4 0 0 0 0 0 0 
1 5 0 0 0 0 0 0 
end data

// Const elem: 0 4 0 0 -1 0 0 0 
begin data
0 0 0 0 0 0 1 0 
0 0 0 0 0 0 0 1 
0 2 1 0 -1 0 0 0 
0 4 0 0 -1 0 0 0 
end data

// Const elem: 0 4 0 0 -1 -1 0 0 
begin data
0 0 0 0 0 0 1 0 
0 0 0 0 0 0 0 1 
0 2 1 1 -1 -1 0 0 
0 4 0 0 -1 -1 0 0 
1 0 0 0 0 0 0 0 
1 2 1 1 -1 -1 0 0 
1 4 0 0 -1 -1 0 0 
end data

// Const elem: 0 4 0 0 -2 -1 0 0 
begin data
0 0 0 0 0 0 1 0 
0 0 0 0 0 0 0 1 
0 2 2 1 -2 -1 0 0 
0 4 0 0 -2 -1 0 0 
1 1 1 1 -1 0 0 0 
1 3 1 1 -2 -2 0 0 
1 5 0 -1 -1 0 0 0 
end data

// Const elem: 0 5 0 0 0 0 0 0 
begin data
0 0 0 0 0 0 1 0 
0 0 0 0 0 0 0 1 
0 1 0 0 0 0 0 0 
0 2 0 0 0 0 0 0 
0 3 0 0 0 0 0 0 
0 4 0 0 0 0 0 0 
0 5 0 0 0 0 0 0 
1 0 0 0 0 0 0 0 
1 1 0 0 0 0 0 0 
1 2 0 0 0 0 0 0 
1 3 0 0 0 0 0 0 
1 4 0 0 0 0 0 0 
1 5 0 0 0 0 0 0 
end data

// Const elem: 1 0 0 0 0 0 0 0 
begin data
0 0 1 1 0 0 0 0 
0 0 0 0 1 1 0 0 
0 1 0 0 0 0 0 0 
0 2 0 0 0 0 0 0 
0 3 0 0 0 0 0 0 
0 4 0 0 0 0 0 0 
0 5 0 0 0 0 0 0 
1 0 0 0 0 0 0 0 
1 1 0 0 0 0 0 0 
1 2 0 0 0 0 0 0 
1 3 0 0 0 0 0 0 
1 4 0 0 0 0 0 0 
1 5 0 0 0 0 0 0 
end data

// Const elem: 1 0 0 0 0 0 1 0 
begin data
0 0 1 1 0 0 0 0 
0 0 0 0 1 1 0 0 
0 1 0 0 0 0 0 0 
0 2 0 0 0 0 0 0 
0 3 0 0 0 0 0 0 
0 4 0 0 0 0 0 0 
0 5 0 0 0 0 0 0 
1 0 0 0 0 0 1 0 
1 1 0 0 0 0 1 0 
1 2 0 0 0 0 1 0 
1 3 0 0 0 0 1 0 
1 4 0 0 0 0 1 0 
1 5 0 0 0 0 1 0 
end data

// Const elem: 1 0 0 0 0 0 0 1 
begin data
0 0 1 1 0 0 0 0 
0 0 0 0 1 1 0 0 
0 1 0 0 0 0 0 0 
0 2 0 0 0 0 0 0 
0 3 0 0 0 0 0 0 
0 4 0 0 0 0 0 0 
0 5 0 0 0 0 0 0 
1 0 0 0 0 0 0 1 
1 1 0 0 0 0 0 1 
1 2 0 0 0 0 0 1 
1 3 0 0 0 0 0 1 
1 4 0 0 0 0 0 1 
1 5 0 0 0 0 0 1 
end data

// Const elem: 1 0 0 0 0 0 1 1 
begin data
0 0 1 1 0 0 0 0 
0 0 0 0 1 1 0 0 
0 1 0 0 0 0 0 0 
0 2 0 0 0 0 0 0 
0 3 0 0 0 0 0 0 
0 4 0 0 0 0 0 0 
0 5 0 0 0 0 0 0 
1 0 0 0 0 0 1 1 
1 1 0 0 0 0 1 1 
1 2 0 0 0 0 1 1 
1 3 0 0 0 0 1 1 
1 4 0 0 0 0 1 1 
1 5 0 0 0 0 1 1 
end data

// Const elem: 1 1 0 0 0 0 0 0 
begin data
0 1 0 0 0 0 0 0 
0 2 0 0 0 0 0 0 
0 3 0 0 0 0 0 0 
0 4 0 0 0 0 0 0 
0 5 0 0 0 0 0 0 
1 0 0 0 0 0 0 0 
1 1 0 0 0 0 0 0 
1 2 0 0 0 0 0 0 
1 3 0 0 0 0 0 0 
1 4 0 0 0 0 0 0 
1 5 0 0 0 0 0 0 
end data

// Const elem: 1 1 0 0 0 0 0 1 
begin data
0 1 0 0 0 0 0 0 
0 2 0 0 0 0 0 0 
0 3 0 0 0 0 0 0 
0 4 0 0 0 0 0 0 
0 5 0 0 0 0 0 0 
1 0 0 0 0 0 0 1 
1 1 0 0 0 0 0 1 
1 2 0 0 0 0 0 1 
1 3 0 0 0 0 0 1 
1 4 0 0 0 0 0 1 
1 5 0 0 0 0 0 1 
end data

// Const elem: 1 1 0 0 0 1 -1 0 
begin data
0 2 1 0 0 1 0 0 
0 4 1 1 -1 0 0 0 
1 1 0 0 0 1 -1 0 
1 3 1 1 0 0 -1 0 
1 5 1 0 -1 0 -1 0 
end data

// Const elem: 1 1 0 0 0 1 -1 1 
begin data
0 2 1 0 0 1 0 0 
0 4 1 1 -1 0 0 0 
1 1 0 0 0 1 -1 1 
1 3 1 1 0 0 -1 1 
1 5 1 0 -1 0 -1 1 
end data

// Const elem: 1 1 0 0 0 2 -2 0 
begin data
0 2 2 0 0 2 0 0 
0 4 2 2 -2 0 0 0 
1 1 0 0 0 2 -2 0 
1 3 2 2 0 0 -2 0 
1 5 2 0 -2 0 -2 0 
end data

// Const elem: 1 1 0 0 0 2 -2 1 
begin data
0 2 2 0 0 2 0 0 
0 4 2 2 -2 0 0 0 
1 1 0 0 0 2 -2 1 
1 3 2 2 0 0 -2 1 
1 5 2 0 -2 0 -2 1 
end data

// Const elem: 1 1 0 0 0 3 -3 0 
begin data
0 1 1 -1 1 2 0 0 
0 2 3 0 0 3 0 0 
0 3 4 2 -2 2 0 0 
0 4 3 3 -3 0 0 0 
0 5 1 2 -2 -1 0 0 
1 0 1 -1 -2 2 -3 0 
1 1 0 0 0 3 -3 0 
1 2 1 2 1 2 -3 0 
1 3 3 3 0 0 -3 0 
1 4 4 2 -2 -1 -3 0 
1 5 3 0 -3 0 -3 0 
end data

// Const elem: 1 1 0 0 0 3 -3 1 
begin data
0 1 1 -1 1 2 0 0 
0 2 3 0 0 3 0 0 
0 3 4 2 -2 2 0 0 
0 4 3 3 -3 0 0 0 
0 5 1 2 -2 -1 0 0 
1 0 1 -1 -2 2 -3 1 
1 1 0 0 0 3 -3 1 
1 2 1 2 1 2 -3 1 
1 3 3 3 0 0 -3 1 
1 4 4 2 -2 -1 -3 1 
1 5 3 0 -3 0 -3 1 
end data

// Const elem: 1 2 0 0 0 0 0 0 
begin data
0 1 0 0 0 0 0 0 
0 2 0 0 0 0 0 0 
0 3 0 0 0 0 0 0 
0 4 0 0 0 0 0 0 
0 5 0 0 0 0 0 0 
1 0 0 0 0 0 0 0 
1 1 0 0 0 0 0 0 
1 2 0 0 0 0 0 0 
1 3 0 0 0 0 0 0 
1 4 0 0 0 0 0 0 
1 5 0 0 0 0 0 0 
end data

// Const elem: 1 2 0 0 0 0 0 1 
begin data
0 1 0 0 0 0 0 0 
0 2 0 0 0 0 0 0 
0 3 0 0 0 0 0 0 
0 4 0 0 0 0 0 0 
0 5 0 0 0 0 0 0 
1 0 0 0 0 0 0 1 
1 1 0 0 0 0 0 1 
1 2 0 0 0 0 0 1 
1 3 0 0 0 0 0 1 
1 4 0 0 0 0 0 1 
1 5 0 0 0 0 0 1 
end data

// Const elem: 1 2 0 0 0 -1 1 0 
begin data
0 2 -1 1 0 -1 0 0 
0 4 -1 0 1 -1 0 0 
1 0 -1 1 1 -1 1 0 
1 2 0 0 0 -1 1 0 
1 4 -1 0 0 0 1 0 
end data

// Const elem: 1 2 0 0 0 -1 1 1 
begin data
0 2 -1 1 0 -1 0 0 
0 4 -1 0 1 -1 0 0 
1 0 -1 1 1 -1 1 1 
1 2 0 0 0 -1 1 1 
1 4 -1 0 0 0 1 1 
end data

// Const elem: 1 2 0 0 0 -2 2 0 
begin data
0 2 -2 2 0 -2 0 0 
0 4 -2 0 2 -2 0 0 
1 0 -2 2 2 -2 2 0 
1 2 0 0 0 -2 2 0 
1 4 -2 0 0 0 2 0 
end data

// Const elem: 1 2 0 0 0 -2 2 1 
begin data
0 2 -2 2 0 -2 0 0 
0 4 -2 0 2 -2 0 0 
1 0 -2 2 2 -2 2 1 
1 2 0 0 0 -2 2 1 
1 4 -2 0 0 0 2 1 
end data

// Const elem: 1 2 0 0 0 -3 3 0 
begin data
0 1 -1 2 -1 -1 0 0 
0 2 -3 3 0 -3 0 0 
0 3 -4 2 2 -4 0 0 
0 4 -3 0 3 -3 0 0 
0 5 -1 -1 2 -1 0 0 
1 0 -3 3 3 -3 3 0 
1 1 -1 2 2 -4 3 0 
1 2 0 0 0 -3 3 0 
1 3 -1 -1 -1 -1 3 0 
1 4 -3 0 0 0 3 0 
1 5 -4 2 2 -1 3 0 
end data

// Const elem: 1 2 0 0 0 -3 3 1 
begin data
0 1 -1 2 -1 -1 0 0 
0 2 -3 3 0 -3 0 0 
0 3 -4 2 2 -4 0 0 
0 4 -3 0 3 -3 0 0 
0 5 -1 -1 2 -1 0 0 
1 0 -3 3 3 -3 3 1 
1 1 -1 2 2 -4 3 1 
1 2 0 0 0 -3 3 1 
1 3 -1 -1 -1 -1 3 1 
1 4 -3 0 0 0 3 1 
1 5 -4 2 2 -1 3 1 
end data

// Const elem: 1 3 0 0 0 0 0 0 
begin data
0 0 -1 1 0 0 0 0 
0 0 0 0 -1 1 0 0 
0 1 0 0 0 0 0 0 
0 2 0 0 0 0 0 0 
0 3 0 0 0 0 0 0 
0 4 0 0 0 0 0 0 
0 5 0 0 0 0 0 0 
1 0 0 0 0 0 0 0 
1 1 0 0 0 0 0 0 
1 2 0 0 0 0 0 0 
1 3 0 0 0 0 0 0 
1 4 0 0 0 0 0 0 
1 5 0 0 0 0 0 0 
end data

// Const elem: 1 3 0 0 0 0 1 0 
begin data
0 0 -1 1 0 0 0 0 
0 0 0 0 -1 1 0 0 
0 1 0 0 0 0 0 0 
0 2 0 0 0 0 0 0 
0 3 0 0 0 0 0 0 
0 4 0 0 0 0 0 0 
0 5 0 0 0 0 0 0 
1 0 0 0 0 0 1 0 
1 1 0 0 0 0 1 0 
1 2 0 0 0 0 1 0 
1 3 0 0 0 0 1 0 
1 4 0 0 0 0 1 0 
1 5 0 0 0 0 1 0 
end data

// Const elem: 1 3 0 0 0 0 0 1 
begin data
0 0 -1 1 0 0 0 0 
0 0 0 0 -1 1 0 0 
0 1 0 0 0 0 0 0 
0 2 0 0 0 0 0 0 
0 3 0 0 0 0 0 0 
0 4 0 0 0 0 0 0 
0 5 0 0 0 0 0 0 
1 0 0 0 0 0 0 1 
1 1 0 0 0 0 0 1 
1 2 0 0 0 0 0 1 
1 3 0 0 0 0 0 1 
1 4 0 0 0 0 0 1 
1 5 0 0 0 0 0 1 
end data

// Const elem: 1 3 0 0 0 0 1 1 
begin data
0 0 -1 1 0 0 0 0 
0 0 0 0 -1 1 0 0 
0 1 0 0 0 0 0 0 
0 2 0 0 0 0 0 0 
0 3 0 0 0 0 0 0 
0 4 0 0 0 0 0 0 
0 5 0 0 0 0 0 0 
1 0 0 0 0 0 1 1 
1 1 0 0 0 0 1 1 
1 2 0 0 0 0 1 1 
1 3 0 0 0 0 1 1 
1 4 0 0 0 0 1 1 
1 5 0 0 0 0 1 1 
end data

// Const elem: 1 4 0 0 0 0 0 0 
begin data
0 1 0 0 0 0 0 0 
0 2 0 0 0 0 0 0 
0 3 0 0 0 0 0 0 
0 4 0 0 0 0 0 0 
0 5 0 0 0 0 0 0 
1 0 0 0 0 0 0 0 
1 1 0 0 0 0 0 0 
1 2 0 0 0 0 0 0 
1 3 0 0 0 0 0 0 
1 4 0 0 0 0 0 0 
1 5 0 0 0 0 0 0 
end data

// Const elem: 1 4 0 0 0 0 0 1 
begin data
0 1 0 0 0 0 0 0 
0 2 0 0 0 0 0 0 
0 3 0 0 0 0 0 0 
0 4 0 0 0 0 0 0 
0 5 0 0 0 0 0 0 
1 0 0 0 0 0 0 1 
1 1 0 0 0 0 0 1 
1 2 0 0 0 0 0 1 
1 3 0 0 0 0 0 1 
1 4 0 0 0 0 0 1 
1 5 0 0 0 0 0 1 
end data

// Const elem: 1 4 0 0 0 1 -1 0 
begin data
0 2 -1 0 0 1 0 0 
0 4 -1 1 1 0 0 0 
1 0 -1 1 0 0 -1 0 
1 2 -1 0 1 0 -1 0 
1 4 0 0 0 1 -1 0 
end data

// Const elem: 1 4 0 0 0 1 -1 1 
begin data
0 2 -1 0 0 1 0 0 
0 4 -1 1 1 0 0 0 
1 0 -1 1 0 0 -1 1 
1 2 -1 0 1 0 -1 1 
1 4 0 0 0 1 -1 1 
end data

// Const elem: 1 4 0 0 0 2 -2 0 
begin data
0 2 -2 0 0 2 0 0 
0 4 -2 2 2 0 0 0 
1 0 -2 2 0 0 -2 0 
1 2 -2 0 2 0 -2 0 
1 4 0 0 0 2 -2 0 
end data

// Const elem: 1 4 0 0 0 2 -2 1 
begin data
0 2 -2 0 0 2 0 0 
0 4 -2 2 2 0 0 0 
1 0 -2 2 0 0 -2 1 
1 2 -2 0 2 0 -2 1 
1 4 0 0 0 2 -2 1 
end data

// Const elem: 1 4 0 0 0 3 -3 0 
begin data
0 1 -1 -1 -1 2 0 0 
0 2 -3 0 0 3 0 0 
0 3 -4 2 2 2 0 0 
0 4 -3 3 3 0 0 0 
0 5 -1 2 2 -1 0 0 
1 0 -3 3 0 0 -3 0 
1 1 -4 2 2 -1 -3 0 
1 2 -3 0 3 0 -3 0 
1 3 -1 -1 2 2 -3 0 
1 4 0 0 0 3 -3 0 
1 5 -1 2 -1 2 -3 0 
end data

// Const elem: 1 4 0 0 0 3 -3 1 
begin data
0 1 -1 -1 -1 2 0 0 
0 2 -3 0 0 3 0 0 
0 3 -4 2 2 2 0 0 
0 4 -3 3 3 0 0 0 
0 5 -1 2 2 -1 0 0 
1 0 -3 3 0 0 -3 1 
1 1 -4 2 2 -1 -3 1 
1 2 -3 0 3 0 -3 1 
1 3 -1 -1 2 2 -3 1 
1 4 0 0 0 3 -3 1 
1 5 -1 2 -1 2 -3 1 
end data

// Const elem: 1 5 0 0 0 0 0 0 
begin data
0 1 0 0 0 0 0 0 
0 2 0 0 0 0 0 0 
0 3 0 0 0 0 0 0 
0 4 0 0 0 0 0 0 
0 5 0 0 0 0 0 0 
1 0 0 0 0 0 0 0 
1 1 0 0 0 0 0 0 
1 2 0 0 0 0 0 0 
1 3 0 0 0 0 0 0 
1 4 0 0 0 0 0 0 
1 5 0 0 0 0 0 0 
end data

// Const elem: 1 5 0 0 0 0 0 1 
begin data
0 1 0 0 0 0 0 0 
0 2 0 0 0 0 0 0 
0 3 0 0 0 0 0 0 
0 4 0 0 0 0 0 0 
0 5 0 0 0 0 0 0 
1 0 0 0 0 0 0 1 
1 1 0 0 0 0 0 1 
1 2 0 0 0 0 0 1 
1 3 0 0 0 0 0 1 
1 4 0 0 0 0 0 1 
1 5 0 0 0 0 0 1 
end data

// Const elem: 1 5 0 0 0 1 -1 0 
begin data
0 2 -1 -1 0 1 0 0 
0 4 -1 0 1 1 0 0 
1 1 -1 0 0 0 -1 0 
1 3 -1 -1 1 1 -1 0 
1 5 0 0 0 1 -1 0 
end data

// Const elem: 1 5 0 0 0 1 -1 1 
begin data
0 2 -1 -1 0 1 0 0 
0 4 -1 0 1 1 0 0 
1 1 -1 0 0 0 -1 1 
1 3 -1 -1 1 1 -1 1 
1 5 0 0 0 1 -1 1 
end data

// Const elem: 1 5 0 0 0 2 -2 0 
begin data
0 2 -2 -2 0 2 0 0 
0 4 -2 0 2 2 0 0 
1 1 -2 0 0 0 -2 0 
1 3 -2 -2 2 2 -2 0 
1 5 0 0 0 2 -2 0 
end data

// Const elem: 1 5 0 0 0 2 -2 1 
begin data
0 2 -2 -2 0 2 0 0 
0 4 -2 0 2 2 0 0 
1 1 -2 0 0 0 -2 1 
1 3 -2 -2 2 2 -2 1 
1 5 0 0 0 2 -2 1 
end data

// Const elem: 1 5 0 0 0 3 -3 0 
begin data
0 1 -1 -2 -1 1 0 0 
0 2 -3 -3 0 3 0 0 
0 3 -4 -2 2 4 0 0 
0 4 -3 0 3 3 0 0 
0 5 -1 1 2 1 0 0 
1 0 -1 1 -1 1 -3 0 
1 1 -3 0 0 0 -3 0 
1 2 -4 -2 2 1 -3 0 
1 3 -3 -3 3 3 -3 0 
1 4 -1 -2 2 4 -3 0 
1 5 0 0 0 3 -3 0 
end data

// Const elem: 1 5 0 0 0 3 -3 1 
begin data
0 1 -1 -2 -1 1 0 0 
0 2 -3 -3 0 3 0 0 
0 3 -4 -2 2 4 0 0 
0 4 -3 0 3 3 0 0 
0 5 -1 1 2 1 0 0 
1 0 -1 1 -1 1 -3 1 
1 1 -3 0 0 0 -3 1 
1 2 -4 -2 2 1 -3 1 
1 3 -3 -3 3 3 -3 1 
1 4 -1 -2 2 4 -3 1 
1 5 0 0 0 3 -3 1 
end data

end centralizer elements

